TwoToneNoise
0 12360
1 15255
2 -15202
3 2888
4 -6598
5 -8801
6 5824
7 5219
8 24082
9 15723
10 -17827
11 20424
12 13624
13 2489
14 4810
15 -4294
16 -9578
17 10025
18 18224
19 12451
20 4519
21 -11041
22 -3916
23 10971
24 12032
25 9877
26 4891
27 -4957
28 -6765
29 -5299
30 14721
31 -4806
32 -7194
33 -8362
34 -28557
35 9680
36 10930
37 -2167
38 9221
39 -14433
40 -9431
41 -1625
42 10890
43 5019
44 -5821
45 -3117
46 -9852
47 4224
48 16099
49 10379
50 -5813
51 -2394
52 -16914
53 -7494
54 8696
55 13228
56 -5180
57 -415
58 -10261
59 7519
60 1413
61 3133
62 3718
63 4492
64 1649
65 578
66 -1296
67 -2082
68 -7145
69 12904
70 -12886
71 5034
72 7447
73 8894
74 -5148
75 -12352
76 -18315
77 3285
78 7548
79 1594
80 9551
81 -952
82 -7412
83 10684
84 3328
85 7602
86 5620
87 -4555
88 -7291
89 -7846
90 1016
91 3619
92 4860
93 14485
94 -13231
95 1260
96 8187
97 -10095
98 -2955
99 -14993
100 -3087
101 -5977
102 9415
103 -751
104 2042
105 -6955
106 -5445
107 4975
108 20263
109 1607
110 -14391
111 -8565
112 373
113 -7216
114 15209
115 3748
116 9668
117 -16111
118 -10073
119 -8129
120 28312
121 8467
122 9280
123 -10036
124 -11897
125 -1834
126 16134
127 1044
128 4721
129 -16723
130 -11124
131 -5543
132 -1872
133 6332
134 1897
135 -2689
136 -17718
137 7587
138 11098
139 901
140 154
141 -4678
142 -20521
143 -1923
144 3147
145 -3676
146 -7783
147 -6505
148 -22220
149 6489
150 12242
151 2779
152 -235
153 -8286
154 -1887
155 -897
156 3933
157 12008
158 -1513
159 -6879
160 -10720
161 -5707
162 1204
163 19913
164 11141
165 -845
166 -17203
167 -5825
168 7554
169 8240
170 -8965
171 -18594
172 -18495
173 2244
174 11376
175 5953
176 -877
177 -1678
178 -11947
179 5801
180 -422
181 5976
182 -5712
183 -5168
184 -5023
185 6992
186 1220
187 11398
188 4442
189 -3371
190 -10057
191 -1465
192 6702
193 3069
194 345
195 2645
196 1533
197 3142
198 7330
199 7121
200 1233
201 -9845
202 -2355
203 2066
204 9652
205 6381
206 1759
207 -9251
208 -9835
209 -983
210 5161
211 14234
212 -5894
213 -6171
214 -13535
215 -7903
216 7448
217 1069
218 10297
219 -4591
220 -15905
221 10791
222 17051
223 1368
224 -10137
225 -5907
226 -9792
227 1857
228 6984
229 5898
230 2637
231 -11331
232 -15122
233 -4988
234 5324
235 756
236 83
237 -23301
238 -11818
239 8361
240 1563
241 9197
242 2357
243 -3110
244 -7515
245 -10533
246 8173
247 13708
248 661
249 -2636
250 -13684
251 -208
252 10305
253 5783
254 -2509
255 -4506
256 4876
257 -15199
258 23746
259 5185
260 6730
261 -14114
262 -12714
263 -1872
264 11587
265 -8327
266 3174
267 -11077
268 -8297
269 4390
270 10943
271 10200
272 6770
273 -7295
274 -7013
275 -6356
276 -154
277 9138
278 0
279 -3284
280 -2611
281 4001
282 11099
283 11328
284 6257
285 -1301
286 -13389
287 -4385
288 16764
289 -7934
290 -165
291 -16030
292 -1875
293 5799
294 8750
295 2437
296 -16733
297 997
298 -23498
299 -15609
300 9280
301 -3470
302 2769
303 1641
304 -2970
305 -4652
306 11766
307 3591
308 5559
309 694
310 -2700
311 -888
312 7751
313 9696
314 -14292
315 -6310
316 -17294
317 -2575
318 13107
319 8471
320 -6831
321 -6085
322 -7821
323 -1965
324 10773
325 5605
326 -6259
327 -4105
328 -23092
329 7708
330 4508
331 -5188
332 -1710
333 -12529
334 -8883
335 -3774
336 23398
337 10575
338 -16804
339 55
340 -18152
341 -1717
342 9848
343 7946
344 -1838
345 7694
346 -11979
347 2204
348 13215
349 3487
350 5928
351 -739
352 -14020
353 -12150
354 21250
355 -1155
356 695
357 875
358 -7978
359 -6089
360 5594
361 2073
362 9953
363 -8708
364 -3462
365 2076
366 7168
367 -4200
368 -1913
369 -3498
370 -18632
371 1293
372 3208
373 2279
374 2262
375 -9003
376 -10683
377 2355
378 -3613
379 9886
380 16316
381 3542
382 -10868
383 2884
384 1770
385 15551
386 6330
387 2384
388 -14637
389 2153
390 4985
391 818
392 -3837
393 -9818
394 -14859
395 -1413
396 -2691
397 7003
398 -793
399 1791
400 -6928
401 3326
402 -1239
403 -3953
404 -3009
405 -2177
406 -1147
407 -1952
408 17232
409 6113
410 7901
411 -2060
412 -13163
413 -9970
414 9788
415 8422
416 -1970
417 -6554
418 -10820
419 -7380
420 5424
421 1697
422 308
423 -3344
424 -4629
425 735
426 20950
427 5013
428 12143
429 -7781
430 -5199
431 -1752
432 12781
433 6911
434 -14712
435 -11845
436 -18441
437 2704
438 18636
439 714
440 5466
441 757
442 -15820
443 2674
444 3682
445 13118
446 -220
447 8095
448 -11603
449 3966
450 8319
451 -10694
452 -6610
453 1207
454 -9112
455 -7529
456 4526
457 4593
458 -6683
459 3647
460 -13055
461 12173
462 1474
463 4254
464 -10237
465 -7785
466 -12735
467 2700
468 15082
469 4936
470 -2511
471 2574
472 -3366
473 808
474 12586
475 5692
476 -6643
477 2197
478 -13166
479 -4065
480 9933
481 844
482 -888
483 1092
484 -1698
485 -1333
486 10947
487 1310
488 1545
489 47
490 -12894
491 1849
492 12787
493 3535
494 11641
495 -7010
496 -13703
497 -11777
498 14869
499 8749
500 -538
501 3132
502 -7507
503 1956
504 9502
505 5874
506 684
507 15844
508 -16594
509 -12480
510 1065
511 -4444
512 -2919
513 -4048
514 -10214
515 3643
516 11362
517 7969
518 11967
519 5316
520 -17379
521 -15674
522 14812
523 -9440
524 449
525 -2676
526 6246
527 -466
528 5328
529 4501
530 1654
531 -2443
532 -12838
533 -8228
534 10872
535 -6124
536 -6947
537 6044
538 -11562
539 -945
540 14797
541 894
542 6927
543 -5237
544 -1927
545 4235
546 7308
547 -2912
548 -7020
549 -4732
550 -11691
551 -2751
552 15361
553 910
554 7696
555 -6492
556 -2198
557 -3515
558 9930
559 9447
560 -2786
561 -5864
562 4740
563 6400
564 5835
565 7281
566 -2424
567 1836
568 786
569 -10799
570 15666
571 12726
572 319
573 8837
574 -7697
575 -8326
576 -6020
577 670
578 4802
579 -779
580 -5959
581 -3884
582 9711
583 -8114
584 -5116
585 -8425
586 -5245
587 -96
588 965
589 2850
590 -4643
591 -7401
592 -2927
593 763
594 11423
595 8863
596 1213
597 793
598 -4147
599 7878
600 11944
601 12418
602 152
603 -3237
604 2707
605 -3431
606 8723
607 9104
608 1008
609 6540
610 -1783
611 1962
612 3508
613 6727
614 -9305
615 -1269
616 -3302
617 1433
618 14662
619 16635
620 6217
621 -1118
622 -4425
623 2863
624 -106
625 111
626 8241
627 -3208
628 -4823
629 -6774
630 9176
631 6953
632 -9163
633 -575
634 -9967
635 -6323
636 8489
637 -9848
638 -14321
639 -10835
640 -15409
641 -7895
642 -2870
643 4853
644 -10729
645 -2173
646 -3446
647 -15
648 9368
649 369
650 -9979
651 -3210
652 -2277
653 11698
654 5847
655 -8038
656 1119
657 -382
658 -10270
659 -7733
660 22365
661 -12966
662 -3433
663 -11809
664 -13024
665 2139
666 9671
667 -1870
668 5229
669 1274
670 -4386
671 -2865
672 15799
673 7360
674 16883
675 4242
676 -957
677 356
678 71
679 415
680 -5100
681 -6710
682 -5007
683 -3748
684 2718
685 159
686 -1083
687 -160
688 -15154
689 2135
690 9267
691 11827
692 -1435
693 -3820
694 -16626
695 -9323
696 10832
697 1235
698 3390
699 -8922
700 4101
701 822
702 15788
703 1386
704 -1094
705 1729
706 -5003
707 -7540
708 -1573
709 -4475
710 -9528
711 -2514
712 -11510
713 -2477
714 -417
715 8160
716 2957
717 -3518
718 -1870
719 -5882
720 11533
721 5259
722 2350
723 -7822
724 -6543
725 -3466
726 2709
727 -5184
728 6984
729 -8608
730 -9907
731 -8135
732 6742
733 -18838
734 -7316
735 -12514
736 -15570
737 -1436
738 6552
739 15999
740 -3848
741 -4597
742 -19304
743 -3213
744 -263
745 3118
746 5741
747 -194
748 -13458
749 -10974
750 18567
751 16710
752 810
753 -9576
754 -682
755 -3989
756 5580
757 8879
758 -9323
759 -16083
760 -5912
761 2696
762 9382
763 6256
764 7283
765 3616
766 -12569
767 5450
768 9908
769 -489
770 -8031
771 1439
772 -11123
773 312
774 3405
775 -7521
776 1154
777 -3333
778 -674
779 5395
780 15830
781 -2126
782 -6302
783 -11455
784 -5391
785 18770
786 13638
787 -2289
788 5630
789 -10508
790 -18329
791 4828
792 3507
793 5040
794 9465
795 -215
796 -2486
797 -10807
798 13194
799 17305
800 3641
801 -13284
802 -10110
803 -3365
804 11320
805 5687
806 2728
807 -5363
808 -12776
809 -3968
810 14486
811 -9557
812 -1396
813 -1095
814 -13136
815 3211
816 8262
817 -3401
818 1085
819 -4719
820 -11501
821 -4788
822 9155
823 -9511
824 -2681
825 -6573
826 -14880
827 4392
828 3800
829 6552
830 6567
831 -3970
832 -6873
833 4303
834 8197
835 6554
836 -8497
837 4558
838 -15402
839 -12308
840 18059
841 2491
842 3021
843 -5359
844 -15611
845 -20681
846 12957
847 984
848 -1329
849 -185
850 -18295
851 -4910
852 16463
853 6937
854 -8623
855 -17742
856 -12587
857 1440
858 15084
859 3544
860 -7553
861 -854
862 -16632
863 -6468
864 4342
865 -5360
866 -1824
867 -8971
868 -10665
869 -3113
870 5984
871 -475
872 8299
873 1193
874 -8345
875 -9873
876 -2200
877 -10309
878 17532
879 3629
880 -7013
881 -6557
882 1027
883 6599
884 10532
885 -14311
886 -11767
887 -568
888 -4664
889 8575
890 -2791
891 9954
892 -11374
893 2753
894 1053
895 -1292
896 -7866
897 -273
898 18
899 -3996
900 11679
901 -481
902 687
903 5136
904 -7933
905 -6978
906 2974
907 1770
908 -1290
909 -8741
910 -7527
911 8523
912 7051
913 1537
914 -14816
915 -8127
916 -18119
917 -2600
918 12279
919 13165
920 12103
921 -3701
922 -10898
923 5501
924 12041
925 8064
926 5237
927 -12877
928 -5106
929 -617
930 3625
931 -1754
932 8624
933 -8364
934 -17066
935 1444
936 22274
937 3086
938 2074
939 -9229
940 2524
941 841
942 12309
943 -3494
944 5747
945 -296
946 -16523
947 267
948 5709
949 3649
950 -1687
951 -4193
952 -15694
953 -2176
954 13900
955 14655
956 -7811
957 13085
958 1527
959 1134
960 6715
961 -1788
962 5604
963 -7589
964 -11851
965 5946
966 11676
967 8949
968 3396
969 -5613
970 -12201
971 5359
972 4225
973 10900
974 5321
975 -978
976 -8721
977 2460
978 32476
979 2157
980 -10476
981 9974
982 -4639
983 -4361
984 26356
985 6621
986 1979
987 -8149
988 -15910
989 -11902
990 5896
991 -4174
992 4359
993 -5052
994 3162
995 10165
996 9846
997 1011
998 7753
999 -10630
1000 -4209
1001 -4504
1002 6048
1003 -1608
1004 3873
1005 -8151
1006 -15900
1007 3721
1008 5892
1009 5347
1010 -2369
1011 -1101
1012 -26001
1013 3135
1014 21216
1015 9908
1016 6130
1017 -4528
1018 -7525
1019 1643
1020 9391
1021 -2675
1022 -2371
1023 -4091
1024 -11978
1025 5631
1026 25825
1027 -5992
1028 863
1029 -12622
1030 23
1031 9488
1032 -2447
1033 15994
1034 -7300
1035 -1388
1036 -1347
1037 990
1038 24191
1039 21438
1040 930
1041 -15749
1042 -11199
1043 -5708
1044 3595
1045 -4676
1046 526
1047 11263
1048 -13560
1049 -1888
1050 16592
1051 11076
1052 3267
1053 3990
1054 -2883
1055 -2570
1056 11628
1057 901
1058 -6056
1059 1357
1060 -8289
1061 -1260
1062 10705
1063 9561
1064 2644
1065 -1605
1066 -6860
1067 344
1068 3530
1069 8209
1070 9481
1071 -6509
1072 4231
1073 -1187
1074 7101
1075 -3127
1076 -5333
1077 -9328
1078 -6361
1079 10747
1080 12292
1081 8662
1082 9030
1083 -19736
1084 -9870
1085 2375
1086 13569
1087 -5868
1088 -6770
1089 2407
1090 -9527
1091 3722
1092 2277
1093 -8082
1094 5122
1095 5116
1096 2241
1097 -10312
1098 -255
1099 -7005
1100 -281
1101 -7057
1102 101
1103 -9793
1104 -2984
1105 4295
1106 8028
1107 -8317
1108 -17260
1109 -1005
1110 -2271
1111 3030
1112 5574
1113 -1449
1114 -21592
1115 -3613
1116 6709
1117 15119
1118 6156
1119 -3299
1120 69
1121 -7031
1122 6398
1123 12420
1124 10110
1125 2001
1126 -5440
1127 -3945
1128 13755
1129 -2660
1130 3866
1131 -1018
1132 -1075
1133 -2867
1134 13023
1135 8252
1136 -6046
1137 -1863
1138 2006
1139 756
1140 6665
1141 5987
1142 -1852
1143 68
1144 -9650
1145 -124
1146 11843
1147 12082
1148 3041
1149 8179
1150 -22393
1151 -3024
1152 10330
1153 -2707
1154 -8587
1155 1238
1156 -4619
1157 1947
1158 11402
1159 -2945
1160 -3350
1161 -3632
1162 -13372
1163 2233
1164 24659
1165 -332
1166 4357
1167 -9876
1168 272
1169 -6523
1170 10146
1171 -1249
1172 3445
1173 -2838
1174 -9039
1175 19846
1176 4502
1177 2598
1178 18056
1179 -10632
1180 -5021
1181 -7245
1182 15678
1183 5118
1184 4388
1185 -4791
1186 -7093
1187 9909
1188 -6569
1189 -8078
1190 2796
1191 -7321
1192 -10737
1193 -10075
1194 2652
1195 194
1196 -4885
1197 -8746
1198 -11582
1199 -6345
1200 17773
1201 -3738
1202 12234
1203 -5435
1204 -18513
1205 -4164
1206 15031
1207 10020
1208 1078
1209 -980
1210 -4483
1211 -9820
1212 4827
1213 -9403
1214 -3023
1215 3474
1216 -3915
1217 15396
1218 9864
1219 -11599
1220 11369
1221 5715
1222 -12664
1223 1498
1224 13987
1225 5503
1226 4686
1227 -3673
1228 -9004
1229 592
1230 3428
1231 12490
1232 42
1233 1705
1234 -14496
1235 -7237
1236 8130
1237 1212
1238 8040
1239 1164
1240 -5105
1241 -9725
1242 2229
1243 4273
1244 -2342
1245 5767
1246 283
1247 -3909
1248 14631
1249 12305
1250 2160
1251 8011
1252 -1593
1253 1440
1254 14643
1255 4222
1256 -2793
1257 -502
1258 -8499
1259 -2454
1260 20661
1261 4403
1262 18375
1263 -4908
1264 -4945
1265 10650
1266 27109
1267 4957
1268 -5319
1269 2492
1270 -17626
1271 -1843
1272 10571
1273 12938
1274 9671
1275 -3100
1276 -2525
1277 -2163
1278 13191
1279 15803
1280 1054
1281 -4937
1282 -12108
1283 4821
1284 17742
1285 17219
1286 363
1287 -1817
1288 -13001
1289 10848
1290 8234
1291 -271
1292 14699
1293 2536
1294 -3922
1295 -6768
1296 11662
1297 6414
1298 -7351
1299 -4434
1300 -11468
1301 3552
1302 1965
1303 10243
1304 12011
1305 -4959
1306 -8801
1307 3409
1308 16840
1309 6427
1310 2672
1311 -6164
1312 -10301
1313 4127
1314 20067
1315 6739
1316 -8117
1317 0
1318 -9363
1319 -1643
1320 7267
1321 -3007
1322 -2159
1323 -8194
1324 -11199
1325 789
1326 9915
1327 1462
1328 -1028
1329 -2688
1330 -5659
1331 8625
1332 12915
1333 984
1334 4024
1335 -4567
1336 -20727
1337 -15797
1338 -2790
1339 1318
1340 -4170
1341 -7761
1342 -8469
1343 -4435
1344 4499
1345 7016
1346 5264
1347 13483
1348 -6708
1349 392
1350 4878
1351 1600
1352 -341
1353 -14731
1354 -10475
1355 5044
1356 4901
1357 6240
1358 6672
1359 4334
1360 -3515
1361 -15209
1362 4944
1363 8981
1364 2656
1365 -2882
1366 -5802
1367 7605
1368 9777
1369 -2192
1370 -1213
1371 -4313
1372 -2708
1373 2774
1374 12427
1375 3909
1376 -2439
1377 -2503
1378 -7284
1379 -9410
1380 9946
1381 9156
1382 -742
1383 7667
1384 -4971
1385 -2829
1386 7706
1387 1062
1388 1622
1389 2164
1390 -10707
1391 3085
1392 20555
1393 9182
1394 5553
1395 -8398
1396 -12338
1397 1632
1398 8064
1399 -8023
1400 -10192
1401 3991
1402 -13845
1403 13986
1404 -6212
1405 5934
1406 4
1407 -8004
1408 -6022
1409 -5343
1410 14528
1411 3364
1412 -11033
1413 -19233
1414 -10653
1415 7711
1416 9961
1417 3279
1418 4628
1419 -12292
1420 850
1421 -6016
1422 8996
1423 467
1424 1006
1425 -16001
1426 1513
1427 3673
1428 22268
1429 12448
1430 77
1431 -9234
1432 -20445
1433 114
1434 10217
1435 9952
1436 -6400
1437 2434
1438 -8262
1439 -5207
1440 13952
1441 4701
1442 -1583
1443 9719
1444 -4643
1445 -743
1446 10609
1447 3499
1448 1168
1449 138
1450 -12804
1451 -5364
1452 11169
1453 15600
1454 -2065
1455 -9730
1456 -10348
1457 -3258
1458 6539
1459 6114
1460 -875
1461 -6915
1462 -11729
1463 -8901
1464 2957
1465 -6596
1466 -3473
1467 -10217
1468 -13502
1469 -2031
1470 663
1471 2783
1472 2290
1473 -9397
1474 -1246
1475 -10675
1476 6105
1477 -7078
1478 -2320
1479 -11824
1480 -12611
1481 -4985
1482 767
1483 -10983
1484 3802
1485 10546
1486 6220
1487 -3313
1488 8432
1489 -221
1490 511
1491 -9098
1492 -21661
1493 -246
1494 497
1495 -9889
1496 15978
1497 -4485
1498 -6025
1499 8025
1500 -2596
1501 5694
1502 3376
1503 -2356
1504 -7681
1505 -3553
1506 13608
1507 -2806
1508 -5360
1509 1967
1510 2607
1511 -2601
1512 5343
1513 5660
1514 7216
1515 3600
1516 -6925
1517 -4270
1518 12980
1519 2380
1520 9266
1521 -12392
1522 -7792
1523 8679
1524 5411
1525 -1291
1526 -6284
1527 -4790
1528 -10092
1529 920
1530 2797
1531 3469
1532 -4064
1533 -5396
1534 -14384
1535 -1902
1536 32767
1537 25846
1538 7718
1539 2384
1540 -17345
1541 -3935
1542 4573
1543 6516
1544 3250
1545 -2185
1546 -11033
1547 -6231
1548 8778
1549 10580
1550 2876
1551 -1696
1552 -4318
1553 3931
1554 -2137
1555 3040
1556 -2867
1557 -16603
1558 -17684
1559 -2153
1560 14297
1561 1371
1562 1764
1563 -8958
1564 -23261
1565 632
1566 2341
1567 10805
1568 11676
1569 -5416
1570 -715
1571 6417
1572 -781
1573 2689
1574 1757
1575 605
1576 -4188
1577 4538
1578 13307
1579 810
1580 2552
1581 -18076
1582 -16606
1583 8089
1584 4295
1585 5118
1586 10149
1587 -8897
1588 -15199
1589 -3316
1590 11710
1591 1536
1592 -6581
1593 -13500
1594 -11235
1595 -1489
1596 5140
1597 1151
1598 -7372
1599 782
1600 -23378
1601 973
1602 13244
1603 -2799
1604 -385
1605 -951
1606 -12879
1607 -92
1608 11515
1609 -3393
1610 5620
1611 4451
1612 -6581
1613 101
1614 905
1615 6244
1616 -8183
1617 7791
1618 -5200
1619 1782
1620 6093
1621 -11733
1622 -8047
1623 -456
1624 7493
1625 4981
1626 10826
1627 -734
1628 822
1629 3561
1630 -10452
1631 12731
1632 530
1633 382
1634 352
1635 -16064
1636 -4938
1637 523
1638 9285
1639 8262
1640 7023
1641 2484
1642 -11898
1643 -314
1644 11121
1645 -5544
1646 -6973
1647 -5788
1648 -8220
1649 12052
1650 14107
1651 -64
1652 -4234
1653 7408
1654 9653
1655 1126
1656 5519
1657 -6593
1658 6561
1659 -965
1660 -900
1661 -6116
1662 10361
1663 -1488
1664 8580
1665 -6624
1666 -9331
1667 -2341
1668 15431
1669 5797
1670 -6759
1671 -7173
1672 -15780
1673 3403
1674 10976
1675 -8092
1676 -12833
1677 -3186
1678 -4051
1679 1136
1680 -1648
1681 -7530
1682 5835
1683 -3893
1684 -11342
1685 8857
1686 3382
1687 3825
1688 2811
1689 2603
1690 -14492
1691 2404
1692 27239
1693 -7268
1694 2920
1695 -4461
1696 -14309
1697 -5600
1698 12093
1699 18497
1700 -5343
1701 726
1702 -12505
1703 13301
1704 12407
1705 1986
1706 4171
1707 -2952
1708 -1292
1709 -1249
1710 1195
1711 4572
1712 10505
1713 -10968
1714 -10374
1715 6762
1716 -4180
1717 7123
1718 5067
1719 -1478
1720 -13926
1721 -49
1722 9369
1723 9208
1724 4465
1725 -5272
1726 2159
1727 -343
1728 3273
1729 -37
1730 5778
1731 -1601
1732 -2761
1733 465
1734 25478
1735 -8296
1736 -2800
1737 -3481
1738 -8142
1739 9799
1740 10219
1741 2141
1742 461
1743 2143
1744 -13383
1745 3033
1746 -1791
1747 2383
1748 -6339
1749 -7308
1750 -6841
1751 -7572
1752 2086
1753 -7288
1754 -14998
1755 -3934
1756 -918
1757 -1225
1758 7167
1759 -4131
1760 10655
1761 -4593
1762 -34
1763 2436
1764 6972
1765 10196
1766 6611
1767 -3665
1768 -21
1769 11987
1770 8300
1771 1193
1772 2723
1773 -547
1774 -3308
1775 -1721
1776 13554
1777 9971
1778 1194
1779 -1883
1780 -17184
1781 -7893
1782 -1093
1783 -5460
1784 -1044
1785 -13783
1786 6373
1787 4975
1788 -5173
1789 -4856
1790 -722
1791 -14442
1792 -11838
1793 7342
1794 7639
1795 2461
1796 -6741
1797 -6654
1798 -17839
1799 2451
1800 5699
1801 8186
1802 8326
1803 4335
1804 -8977
1805 -3392
1806 504
1807 3711
1808 6457
1809 -5209
1810 -9909
1811 4147
1812 14556
1813 -6622
1814 1345
1815 -1597
1816 -9760
1817 6008
1818 6291
1819 -2647
1820 1857
1821 180
1822 -10207
1823 5357
1824 -1474
1825 -4320
1826 -20676
1827 594
1828 -15412
1829 -1704
1830 15534
1831 3257
1832 -2965
1833 -8625
1834 -10360
1835 4057
1836 -1462
1837 2454
1838 5265
1839 -12476
1840 -4238
1841 4598
1842 2805
1843 -7212
1844 2914
1845 2525
1846 -4847
1847 5133
1848 786
1849 6843
1850 -3904
1851 -6693
1852 -19214
1853 7404
1854 9920
1855 9668
1856 10168
1857 -10568
1858 -4415
1859 -86
1860 14895
1861 10368
1862 5521
1863 -8417
1864 -9594
1865 1777
1866 29998
1867 11169
1868 15617
1869 -125
1870 -7317
1871 4126
1872 5190
1873 11269
1874 -1061
1875 -12159
1876 -2882
1877 -10556
1878 -3670
1879 4855
1880 -6400
1881 -9044
1882 -9833
1883 -3291
1884 7243
1885 4745
1886 -7865
1887 -11154
1888 -22872
1889 -2627
1890 13212
1891 -1813
1892 3373
1893 722
1894 -2075
1895 6658
1896 4106
1897 -2853
1898 325
1899 -7389
1900 1034
1901 9286
1902 9382
1903 39
1904 3437
1905 -7331
1906 -9584
1907 -3570
1908 9452
1909 10507
1910 4996
1911 4782
1912 -14899
1913 1210
1914 2124
1915 5503
1916 2191
1917 5809
1918 -1345
1919 4396
1920 5343
1921 -290
1922 -13807
1923 -5932
1924 -19182
1925 6257
1926 14812
1927 3844
1928 -2547
1929 -1952
1930 2059
1931 9079
1932 5724
1933 4047
1934 -7541
1935 -218
1936 -3769
1937 6057
1938 -1563
1939 6310
1940 -5817
1941 -5449
1942 -3440
1943 2006
1944 7640
1945 6997
1946 10999
1947 -7111
1948 -17829
1949 -7822
1950 2387
1951 -1604
1952 3880
1953 -16952
1954 -7155
1955 -5239
1956 16142
1957 -2844
1958 50
1959 -9224
1960 -13330
1961 -1751
1962 7202
1963 -618
1964 7593
1965 788
1966 3742
1967 -1867
1968 15920
1969 -11214
1970 4296
1971 -415
1972 -11261
1973 4679
1974 14648
1975 9870
1976 2825
1977 1130
1978 -13279
1979 -7371
1980 6941
1981 4169
1982 6399
1983 -8235
1984 -12037
1985 20017
1986 4552
1987 15837
1988 6468
1989 -6669
1990 -9460
1991 -1449
1992 11928
1993 12104
1994 -11023
1995 10705
1996 -3508
1997 -3695
1998 7894
1999 4930
2000 1993
2001 5166
2002 -1406
2003 -2415
2004 7867
2005 7852
2006 809
2007 4733
2008 -13365
2009 3174
2010 10682
2011 12281
2012 -9056
2013 -2910
2014 -8383
2015 -15761
2016 17141
2017 21819
2018 -1563
2019 -983
2020 -11870
2021 2586
2022 6186
2023 2229
2024 10889
2025 -8616
2026 -12618
2027 -511
2028 7850
2029 12600
2030 13670
2031 -9498
2032 -13057
2033 3502
2034 6180
2035 16325
2036 11009
2037 848
2038 -4950
2039 -2278
2040 13881
2041 10501
2042 952
2043 10061
2044 -4230
2045 -742
2046 11238
2047 10294
TwoToneFilter
0 32767
1 -2215
2 203
3 926
4 3133
5 -833
6 -3874
7 -578
8 260
9 341
10 264
11 -847
12 -3246
13 450
14 338
15 -145
16 598
17 -667
18 -800
19 -480
20 1846
21 72
22 2053
23 351
24 -2522
25 -432
26 9
27 1061
28 1811
29 -933
30 -2425
31 607
32 2006
33 184
34 -418
35 -461
36 -226
37 -1096
38 849
39 -2074
40 2464
41 -589
42 -2737
43 -408
44 1698
45 -1194
46 161
47 518
48 -1555
49 226
50 2810
ThreeToneNoise
0 15084
1 13219
2 -17547
3 2502
4 -1343
5 -7626
6 673
7 4523
8 25241
9 13625
10 -19822
11 17698
12 16179
13 2157
14 -206
15 -3721
16 -3926
17 8687
18 11418
19 10789
20 8289
21 -9567
22 -7767
23 9506
24 14800
25 8559
26 -135
27 -4295
28 -1489
29 -4592
30 8382
31 -4165
32 -1860
33 -7246
34 -29119
35 8388
36 13845
37 -1878
38 3617
39 -12506
40 -3798
41 -1409
42 5063
43 4349
44 -670
45 -2701
46 -12911
47 3660
48 18324
49 8993
50 -9411
51 -2075
52 -10282
53 -6494
54 3161
55 11462
56 -115
57 -360
58 -13265
59 6515
60 5598
61 2715
62 -1152
63 3893
64 5803
65 501
66 -5497
67 -1804
68 -1818
69 11181
70 -15540
71 4362
72 10826
73 7707
74 -8834
75 -10703
76 -11497
77 2846
78 2167
79 1381
80 12650
81 -825
82 -10796
83 9258
84 7257
85 6587
86 496
87 -3947
88 -1945
89 -6799
90 -3493
91 3136
92 8585
93 12552
94 -15839
95 1092
96 11468
97 -8748
98 -6934
99 -12991
100 1698
101 -5179
102 3785
103 -651
104 6143
105 -6026
106 -9092
107 4311
108 21932
109 1393
110 -16844
111 -7422
112 4697
113 -6253
114 8805
115 3248
116 12751
117 -13961
118 -13102
119 -7044
120 28907
121 7337
122 3667
123 -8696
124 -5935
125 -1589
126 9607
127 904
128 8464
129 -14491
130 -14013
131 -4803
132 2752
133 5487
134 -2730
135 -2330
136 -10980
137 6575
138 5243
139 781
140 4507
141 -4053
142 -22156
143 -1666
144 7100
145 -3186
146 -11118
147 -5637
148 -14881
149 5622
150 6234
151 2408
152 4170
153 -7180
154 -6009
155 -777
156 7782
157 10405
158 -5685
159 -5961
160 -4915
161 -4945
162 -3331
163 17255
164 14027
165 -732
166 -19281
167 -5048
168 10919
169 7140
170 -12142
171 -16112
172 -11653
173 1944
174 5483
175 5159
176 3613
177 -1454
178 -14726
179 5026
180 4008
181 5178
182 -9323
183 -4479
184 21
185 6059
186 -3316
187 9876
188 8223
189 -2921
190 -13088
191 -1269
192 10181
193 2659
194 -4075
195 2292
196 5702
197 2722
198 1978
199 6170
200 5442
201 -8531
202 -6414
203 1790
204 12737
205 5529
206 -2850
207 -8016
208 -4149
209 -852
210 99
211 12334
212 -734
213 -5347
214 -16102
215 -6848
216 10828
217 926
218 4549
219 -3978
220 -9408
221 9350
222 10401
223 1186
224 -4410
225 -5119
226 -12859
227 1609
228 10426
229 5110
230 -2089
231 -9819
232 -8730
233 -4322
234 240
235 655
236 4446
237 -20190
238 -14615
239 7245
240 5728
241 7970
242 -2331
243 -2695
244 -2138
245 -9127
246 2708
247 11878
248 4947
249 -2284
250 -16231
251 -180
252 13304
253 5011
254 -6548
255 -3905
256 8599
257 -13170
258 16202
259 4493
260 10205
261 -12230
262 -15390
263 -1622
264 14414
265 -7215
266 -1624
267 -9598
268 -2816
269 3804
270 5109
271 8838
272 10240
273 -6321
274 -10451
275 -5508
276 4241
277 7918
278 -4374
279 -2846
280 2111
281 3467
282 5243
283 9816
284 9795
285 -1127
286 -15975
287 -3800
288 18900
289 -6875
290 -4517
291 -13890
292 2749
293 5025
294 3208
295 2112
296 -10126
297 864
298 -24735
299 -13526
300 12415
301 -3006
302 -1975
303 1422
304 1800
305 -4031
306 5822
307 3111
308 9190
309 601
310 -6714
311 -770
312 11090
313 8402
314 -16758
315 -5468
316 -10612
317 -2232
318 6984
319 7340
320 -1546
321 -5273
322 -11151
323 -1703
324 13709
325 4857
326 -9797
327 -3557
328 -15636
329 6679
330 -467
331 -4496
332 2892
333 -10857
334 -12071
335 -3270
336 24648
337 9164
338 -18935
339 48
340 -11356
341 -1488
342 4160
343 6885
344 2781
345 6667
346 -14754
347 1909
348 15825
349 3021
350 763
351 -641
352 -7775
353 -10529
354 14040
355 -1001
356 4976
357 759
358 -11287
359 -5276
360 9221
361 1796
362 4250
363 -7546
364 1374
365 1799
366 1837
367 -3639
368 2716
369 -3031
370 -20518
371 1120
372 7153
373 1975
374 -2414
375 -7801
376 -4883
377 2041
378 -7505
379 8566
380 18512
381 3069
382 -13791
383 2499
384 5907
385 13476
386 1112
387 2066
388 -8310
389 1865
390 -54
391 709
392 1049
393 -8507
394 -17249
395 -1225
396 2042
397 6068
398 -5061
399 1552
400 -1630
401 2882
402 -5448
403 -3425
404 1766
405 -1886
406 -5367
407 -1691
408 19305
409 5297
410 2473
411 -1785
412 -7033
413 -8639
414 4108
415 7298
416 2667
417 -5679
418 -13749
419 -6395
420 9074
421 1471
422 -4107
423 -2898
424 363
425 637
426 13780
427 4344
428 14896
429 -6743
430 -8879
431 -1518
432 15448
433 5988
434 -17122
435 -10264
436 -11606
437 2343
438 11775
439 619
440 9110
441 656
442 -18082
443 2317
444 7564
445 11367
446 -4564
447 7015
448 -5681
449 3437
450 2835
451 -9267
452 -1354
453 1046
454 -12270
455 -6524
456 8296
457 3980
458 -10165
459 3160
460 -6939
461 10548
462 -3096
463 3686
464 -4497
465 -6746
466 -15409
467 2340
468 17443
469 4277
470 -6550
471 2230
472 1457
473 700
474 6533
475 4932
476 -1382
477 1904
478 -15782
479 -3522
480 12980
481 731
482 -5143
483 946
484 2902
485 -1155
486 5112
487 1135
488 5712
489 40
490 -15547
491 1602
492 15454
493 3063
494 5714
495 -6074
496 -7500
497 -10205
498 8511
499 7581
500 3907
501 2714
502 -10878
503 1695
504 12607
505 5090
506 -3781
507 13729
508 -10006
509 -10814
510 -3451
511 -3851
512 1845
513 -3508
514 -13224
515 3156
516 14219
517 6905
518 5996
519 4607
520 -10686
521 -13582
522 8461
523 -8180
524 4762
525 -2319
526 1038
527 -404
528 8990
529 3900
530 -2941
531 -2117
532 -6751
533 -7130
534 5047
535 -5306
536 -1646
537 5237
538 -14392
539 -819
540 17196
541 775
542 1629
543 -4538
544 2704
545 3670
546 1959
547 -2524
548 -1710
549 -4101
550 -14505
551 -2384
552 17684
553 789
554 2295
555 -5626
556 2469
557 -3046
558 4231
559 8186
560 1959
561 -5081
562 -267
563 5545
564 9429
565 6309
566 -6474
567 1591
568 5054
569 -9357
570 9201
571 11027
572 4650
573 7658
574 -11043
575 -7215
576 -843
577 580
578 -213
579 -675
580 -790
581 -3366
582 4041
583 -7031
584 -59
585 -7300
586 -8919
587 -83
588 5210
589 2469
590 -8397
591 -6414
592 1837
593 661
594 5524
595 7680
596 5424
597 687
598 -7967
599 6826
600 14724
601 10760
602 -4242
603 -2805
604 6719
605 -2973
606 3185
607 7889
608 5247
609 5667
610 -5919
611 1700
612 7413
613 5829
614 -12437
615 -1100
616 1512
617 1242
618 8331
619 14414
620 9761
621 -969
622 -8208
623 2481
624 4282
625 96
626 2768
627 -2780
628 194
629 -5870
630 3577
631 6025
632 -3567
633 -499
634 -13010
635 -5479
636 11730
637 -8534
638 -16784
639 -9389
640 -8979
641 -6841
642 -6861
643 4205
644 -4923
645 -1883
646 -7360
647 -13
648 12492
649 319
650 -13020
651 -2781
652 2401
653 10136
654 692
655 -6965
656 5343
657 -331
658 -13273
659 -6700
660 23754
661 -11235
662 -7348
663 -10233
664 -6912
665 1853
666 4006
667 -1620
668 8904
669 1104
670 -8174
671 -2483
672 18063
673 6378
674 10256
675 3676
676 3544
677 308
678 -4312
679 360
680 -46
681 -5814
682 -8712
683 -3247
684 6729
685 138
686 -5312
687 -139
688 -8758
689 1850
690 3656
691 10248
692 3130
693 -3310
694 -18780
695 -8079
696 13759
697 1070
698 -1437
699 -7731
700 7927
701 712
702 9307
703 1201
704 3426
705 1498
706 -8709
707 -6533
708 3011
709 -3878
710 -12630
711 -2178
712 -5600
713 -2147
714 -4735
715 7071
716 6936
717 -3048
718 -5995
719 -5097
720 14367
721 4557
722 -2337
723 -6778
724 -1296
725 -3003
726 -2026
727 -4492
728 10425
729 -7459
730 -12958
731 -7049
732 10216
733 -16323
734 -10713
735 -10844
736 -9118
737 -1244
738 1304
739 13864
740 1039
741 -3984
742 -21101
743 -2784
744 4146
745 2701
746 601
747 -168
748 -7288
749 -9509
750 11715
751 14480
752 5076
753 -8298
754 -4965
755 -3457
756 9209
757 7694
758 -12452
759 -13937
760 -749
761 2336
762 3756
763 5421
764 10684
765 3134
766 -15265
767 4723
768 12959
769 -423
770 -11333
771 1247
772 -5264
773 270
774 -1423
775 -6517
776 5374
777 -2888
778 -4957
779 4675
780 18091
781 -1842
782 -9834
783 -9926
784 -298
785 16264
786 7444
787 -1984
788 9252
789 -9106
790 -20256
791 4183
792 7412
793 4367
794 3828
795 -186
796 2219
797 -9365
798 7059
799 14995
800 7529
801 -11511
802 -13134
803 -2916
804 14182
805 4927
806 -2010
807 -4647
808 -6697
809 -3439
810 8179
811 -8281
812 3164
813 -949
814 -15756
815 2782
816 11533
817 -2947
818 -3433
819 -4090
820 -5592
821 -4149
822 3560
823 -8241
824 2050
825 -5695
826 -17267
827 3806
828 7667
829 5677
830 1317
831 -3440
832 -1582
833 3729
834 2729
835 5679
836 -2990
837 3950
838 -17720
839 -10665
840 20022
841 2159
842 -1756
843 -4644
844 -9154
845 -17921
846 6853
847 853
848 3222
849 -160
850 -20227
851 -4254
852 18639
853 6011
854 -11846
855 -15374
856 -6534
857 1247
858 8697
859 3071
860 -2172
861 -740
862 -18786
863 -5604
864 8136
865 -4645
866 -5954
867 -7774
868 -4868
869 -2697
870 812
871 -412
872 11565
873 1033
874 -11605
875 -8555
876 2468
877 -8933
878 10818
879 3145
880 -1704
881 -5682
882 -3484
883 5718
884 13500
885 -12400
886 -14570
887 -492
888 332
889 7430
890 -6792
891 8625
892 -5482
893 2386
894 -3461
895 -1119
896 -2442
897 -236
898 -4358
899 -3462
900 14493
901 -417
902 -3779
903 4450
904 -2501
905 -6047
906 -1797
907 1534
908 3255
909 -7575
910 -10896
911 7385
912 10484
913 1332
914 -17212
915 -7042
916 -11327
917 -2253
918 6266
919 11408
920 14861
921 -3207
922 -13817
923 4767
924 14807
925 6987
926 164
927 -11158
928 -51
929 -534
930 -1232
931 -1520
932 11846
933 -7248
934 -19162
935 1251
936 23675
937 2674
938 -2576
939 -7997
940 6561
941 728
942 6293
943 -3027
944 9354
945 -256
946 -18691
947 231
948 9321
949 3162
950 -5835
951 -3633
952 -9226
953 -1886
954 7671
955 12699
956 -2394
957 11338
958 -3050
959 982
960 10192
961 -1550
962 482
963 -6576
964 -5896
965 5152
966 5743
967 7754
968 7317
969 -4863
970 -14946
971 4644
972 8035
973 9445
974 237
975 -848
976 -3183
977 2132
978 23767
979 1869
980 -4704
981 8642
982 -8393
983 -3779
984 27212
985 5738
986 -2659
987 -7062
988 -9412
989 -10313
990 735
991 -3617
992 8151
993 -4378
994 -1634
995 8809
996 12905
997 876
998 2345
999 -9212
1000 726
1001 -3902
1002 867
1003 -1393
1004 7730
1005 -7063
1006 -18152
1007 3224
1008 9479
1009 4633
1010 -6426
1011 -954
1012 -18157
1013 2716
1014 14010
1015 8585
1016 9685
1017 -3924
1018 -10894
1019 1424
1020 12511
1021 -2318
1022 -6428
1023 -3545
1024 -6005
1025 4880
1026 18004
1027 -5192
1028 5122
1029 -10937
1030 -4354
1031 8221
1032 2253
1033 13859
1034 -10700
1035 -1203
1036 3206
1037 858
1038 16589
1039 18576
1040 5180
1041 -13647
1042 -14078
1043 -4946
1044 7489
1045 -4052
1046 -3918
1047 9759
1048 -7377
1049 -1636
1050 10004
1051 9597
1052 7205
1053 3458
1054 -6872
1055 -2227
1056 14450
1057 780
1058 -9622
1059 1176
1060 -2809
1061 -1092
1062 4902
1063 8284
1064 6665
1065 -1391
1066 -10318
1067 298
1068 7432
1069 7113
1070 3842
1071 -5640
1072 8040
1073 -1028
1074 1780
1075 -2710
1076 -247
1077 -8083
1078 -9886
1079 9313
1080 15025
1081 7506
1082 3451
1083 -17102
1084 -4179
1085 2058
1086 7384
1087 -5085
1088 -1493
1089 2085
1090 -12629
1091 3225
1092 6347
1093 -7003
1094 65
1095 4433
1096 6315
1097 -8936
1098 -4595
1099 -6070
1100 4130
1101 -6115
1102 -4286
1103 -8486
1104 1788
1105 3722
1106 2582
1107 -7207
1108 -10583
1109 -871
1110 -6342
1111 2626
1112 9204
1113 -1256
1114 -23083
1115 -3131
1116 10187
1117 13101
1118 961
1119 -2859
1120 4433
1121 -6093
1122 1170
1123 10762
1124 13134
1125 1734
1126 -9088
1127 -3419
1128 16293
1129 -2305
1130 -1024
1131 -882
1132 3442
1133 -2484
1134 6911
1135 7150
1136 -866
1137 -1614
1138 -2635
1139 655
1140 10149
1141 5188
1142 -5978
1143 59
1144 -3988
1145 -107
1146 5888
1147 10469
1148 7008
1149 7087
1150 -23778
1151 -2620
1152 13325
1153 -2346
1154 -11815
1155 1073
1156 371
1157 1687
1158 5507
1159 -2552
1160 1471
1161 -3148
1162 -15961
1163 1935
1164 25742
1165 -288
1166 -599
1167 -8558
1168 4609
1169 -5652
1170 4418
1171 -1083
1172 7359
1173 -2459
1174 -12206
1175 17197
1176 8274
1177 2251
1178 11272
1179 -9213
1180 23
1181 -6278
1182 9211
1183 4435
1184 8176
1185 -4152
1186 -10520
1187 8587
1188 -1319
1189 -7000
1190 -1951
1191 -6344
1192 -4930
1193 -8730
1194 -2075
1195 168
1196 141
1197 -7579
1198 -14410
1199 -5498
1200 19774
1201 -3239
1202 6227
1203 -4709
1204 -11668
1205 -3608
1206 8651
1207 8682
1208 5308
1209 -850
1210 -8259
1211 -8509
1212 8556
1213 -8148
1214 -6993
1215 3010
1216 982
1217 13341
1218 4174
1219 -10051
1220 14225
1221 4952
1222 -15347
1223 1298
1224 16494
1225 4768
1226 -313
1227 -3183
1228 -3429
1229 513
1230 -1404
1231 10823
1232 4410
1233 1478
1234 -16935
1235 -6271
1236 11418
1237 1051
1238 2594
1239 1009
1240 -50
1241 -8427
1242 -2442
1243 3703
1244 2344
1245 4998
1246 -4129
1247 -3387
1248 17052
1249 10662
1250 -2502
1251 6941
1252 2993
1253 1248
1254 8314
1255 3658
1256 1954
1257 -435
1258 -11738
1259 -2127
1260 22276
1261 3815
1262 11548
1263 -4253
1264 88
1265 9229
1266 19117
1267 4295
1268 -235
1269 2159
1270 -19647
1271 -1597
1272 13534
1273 11211
1274 4007
1275 -2686
1276 2186
1277 -1874
1278 7057
1279 13694
1280 5287
1281 -4278
1282 -14866
1283 4178
1284 19747
1285 14921
1286 -4059
1287 -1575
1288 -6892
1289 9400
1290 2761
1291 -235
1292 17111
1293 2197
1294 -7772
1295 -5865
1296 14479
1297 5558
1298 -10744
1299 -3842
1300 -5564
1301 3078
1302 -2671
1303 8875
1304 14782
1305 -4297
1306 -12000
1307 2954
1308 18965
1309 5569
1310 -2059
1311 -5341
1312 -4552
1313 3576
1314 13015
1315 5839
1316 -2660
1317 0
1318 -12487
1319 -1424
1320 10670
1321 -2606
1322 -6245
1323 -7100
1324 -5331
1325 683
1326 4218
1327 1267
1328 3483
1329 -2329
1330 -9277
1331 7473
1332 15565
1333 853
1334 -887
1335 -3957
1336 -13587
1337 -13689
1338 -6792
1339 1142
1340 760
1341 -6725
1342 -11712
1343 -3843
1344 8272
1345 6080
1346 188
1347 11683
1348 -1439
1349 340
1350 -147
1351 1386
1352 4078
1353 -12765
1354 -13450
1355 4371
1356 8620
1357 5407
1358 1407
1359 3756
1360 1328
1361 -13179
1362 -90
1363 7782
1364 6675
1365 -2497
1366 -9402
1367 6590
1368 12845
1369 -1899
1370 -5425
1371 -3737
1372 2027
1373 2404
1374 6394
1375 3387
1376 2261
1377 -2169
1378 -10686
1379 -8154
1380 12992
1381 7934
1382 -5017
1383 6644
1384 66
1385 -2452
1386 2304
1387 920
1388 5779
1389 1875
1390 -13652
1391 2673
1392 22185
1393 7957
1394 438
1395 -7277
1396 -6317
1397 1414
1398 2614
1399 -6952
1400 -4458
1401 3459
1402 -16371
1403 12119
1404 -1009
1405 5142
1406 -4371
1407 -6936
1408 -844
1409 -4630
1410 8215
1411 2915
1412 -5187
1413 -16666
1414 -13605
1415 6681
1416 13005
1417 2841
1418 -363
1419 -10651
1420 5110
1421 -5213
1422 3421
1423 404
1424 5245
1425 -13865
1426 -3063
1427 3182
1428 23670
1429 10786
1430 -4307
1431 -8002
1432 -13343
1433 98
1434 4479
1435 8623
1436 -1173
1437 2109
1438 -11533
1439 -4512
1440 16463
1441 4074
1442 -5745
1443 8422
1444 351
1445 -644
1446 4819
1447 3032
1448 5385
1449 120
1450 -15469
1451 -4648
1452 14052
1453 13518
1454 -6163
1455 -8431
1456 -4593
1457 -2823
1458 1292
1459 5298
1460 3615
1461 -5992
1462 -14537
1463 -7713
1464 6936
1465 -5715
1466 -7383
1467 -8853
1468 -7326
1469 -1760
1470 -3799
1471 2412
1472 6358
1473 -8143
1474 -5454
1475 -9250
1476 9664
1477 -6133
1478 -6384
1479 -10246
1480 -6554
1481 -4320
1482 -3709
1483 -9517
1484 7668
1485 9138
1486 1016
1487 -2871
1488 11680
1489 -191
1490 -3931
1491 -7884
1492 -14396
1493 -213
1494 -3943
1495 -8570
1496 18219
1497 -3886
1498 -9594
1499 6953
1500 2124
1501 4934
1502 -1448
1503 -2041
1504 -2282
1505 -3079
1506 7418
1507 -2432
1508 -271
1509 1704
1510 -2114
1511 -2254
1512 9003
1513 4904
1514 1879
1515 3119
1516 -1627
1517 -3700
1518 6874
1519 2063
1520 12403
1521 -10738
1522 -11126
1523 7521
1524 9062
1525 -1119
1526 -9819
1527 -4151
1528 -4372
1529 797
1530 -1950
1531 3006
1532 852
1533 -4676
1534 -16837
1535 -1648
1536 32767
1537 22396
1538 2314
1539 2065
1540 -10656
1541 -3410
1542 -411
1543 5646
1544 7190
1545 -1893
1546 -13934
1547 -5400
1548 11980
1549 9168
1550 -1882
1551 -1470
1552 632
1553 3407
1554 -6225
1555 2634
1556 1889
1557 -14387
1558 -19697
1559 -1866
1560 16762
1561 1188
1562 -2845
1563 -7762
1564 -15783
1565 547
1566 -2346
1567 9363
1568 14491
1569 -4693
1570 -4993
1571 5561
1572 3697
1573 2330
1574 -2851
1575 524
1576 744
1577 3932
1578 7157
1579 702
1580 6585
1581 -15664
1582 -18763
1583 7009
1584 8095
1585 4435
1586 4421
1587 -7709
1588 -8796
1589 -2874
1590 5773
1591 1331
1592 -1329
1593 -11698
1594 -14109
1595 -1290
1596 8827
1597 997
1598 -10762
1599 677
1600 -15884
1601 843
1602 7103
1603 -2425
1604 4040
1605 -824
1606 -15534
1607 -80
1608 14352
1609 -2940
1610 496
1611 3857
1612 -1329
1613 88
1614 -3590
1615 5410
1616 -2717
1617 6751
1618 -8879
1619 1544
1620 9653
1621 -10167
1622 -11347
1623 -395
1624 10866
1625 4316
1626 5008
1627 -636
1628 5086
1629 3086
1630 -13431
1631 11031
1632 4833
1633 331
1634 -4068
1635 -13920
1636 95
1637 453
1638 3672
1639 7159
1640 10460
1641 2152
1642 -14684
1643 -272
1644 14010
1645 -4804
1646 -10416
1647 -5016
1648 -2749
1649 10443
1650 7851
1651 -56
1652 705
1653 6419
1654 3991
1655 976
1656 9156
1657 -5713
1658 1312
1659 -836
1660 3594
1661 -5300
1662 4604
1663 -1289
1664 11808
1665 -5740
1666 -12459
1667 -2029
1668 17745
1669 5023
1670 -10230
1671 -6215
1672 -9300
1673 2949
1674 5137
1675 -7012
1676 -6747
1677 -2761
1678 -7884
1679 984
1680 2946
1681 -6525
1682 682
1683 -3373
1684 -5455
1685 7675
1686 -1443
1687 3314
1688 6810
1689 2256
1690 -16932
1691 2083
1692 27976
1693 -6298
1694 -1843
1695 -3866
1696 -8025
1697 -4852
1698 6105
1699 16028
1700 -256
1701 629
1702 -15210
1703 11526
1704 15125
1705 1720
1706 -759
1707 -2558
1708 3254
1709 -1083
1710 -3338
1711 3962
1712 13476
1713 -9504
1714 -13363
1715 5859
1716 751
1717 6172
1718 17
1719 -1281
1720 -7694
1721 -42
1722 3745
1723 7979
1724 8243
1725 -4568
1726 -2503
1727 -297
1728 7209
1729 -32
1730 633
1731 -1387
1732 1981
1733 403
1734 17703
1735 -7189
1736 1948
1737 -3017
1738 -11429
1739 8491
1740 13228
1741 1855
1742 -3974
1743 1857
1744 -7223
1745 2628
1746 -5925
1747 2065
1748 -1119
1749 -6333
1750 -10302
1751 -6561
1752 6181
1753 -6315
1754 -17370
1755 -3409
1756 3578
1757 -1061
1758 1837
1759 -3579
1760 13606
1761 -3980
1762 -4403
1763 2110
1764 10415
1765 8835
1766 1355
1767 -3176
1768 4355
1769 10387
1770 2819
1771 1034
1772 6733
1773 -474
1774 -7241
1775 -1491
1776 16119
1777 8640
1778 -3339
1779 -1632
1780 -10517
1781 -6840
1782 -5321
1783 -4732
1784 3469
1785 -11943
1786 1148
1787 4311
1788 -109
1789 -4208
1790 -4999
1791 -12514
1792 -5884
1793 6362
1794 2246
1795 2133
1796 -1468
1797 -5766
1798 -19831
1799 2123
1800 9312
1801 7093
1802 2841
1803 3756
1804 -3405
1805 -2940
1806 -3937
1807 3216
1808 9968
1809 -4514
1810 -12960
1811 3593
1812 16987
1813 -5738
1814 -3208
1815 -1384
1816 -4084
1817 5206
1818 1077
1819 -2293
1820 5983
1821 156
1822 -13218
1823 4642
1824 3096
1825 -3744
1826 -22290
1827 515
1828 -8981
1829 -1477
1830 9087
1831 2822
1832 1805
1833 -7474
1834 -13351
1835 3516
1836 3106
1837 2126
1838 188
1839 -10811
1840 701
1841 3984
1842 -1943
1843 -6249
1844 6899
1845 2188
1846 -8573
1847 4448
1848 5055
1849 5929
1850 -7757
1851 -5799
1852 -12276
1853 6415
1854 4222
1855 8377
1856 13185
1857 -9158
1858 -8200
1859 -75
1860 17280
1861 8984
1862 410
1863 -7294
1864 -3940
1865 1540
1866 21620
1867 9678
1868 17906
1869 -108
1870 -10714
1871 3575
1872 8871
1873 9765
1874 -5293
1875 -10536
1876 1876
1877 -9147
1878 -7554
1879 4207
1880 -1172
1881 -7837
1882 -12894
1883 -2852
1884 10649
1885 4111
1886 -11189
1887 -9665
1888 -15445
1889 -2276
1890 7075
1891 -1571
1892 7297
1893 625
1894 -6172
1895 5769
1896 7932
1897 -2472
1898 -4092
1899 -6403
1900 5270
1901 8046
1902 3756
1903 34
1904 7352
1905 -6353
1906 -12679
1907 -3094
1908 12564
1909 9105
1910 -44
1911 4143
1912 -8536
1913 1048
1914 -2533
1915 4769
1916 6272
1917 5034
1918 -5539
1919 3809
1920 9003
1921 -251
1922 -16338
1923 -5140
1924 -12248
1925 5422
1926 8461
1927 3331
1928 2166
1929 -1691
1930 -2590
1931 7867
1932 9333
1933 3507
1934 -10908
1935 -189
1936 1108
1937 5248
1938 -5728
1939 5467
1940 -667
1941 -4722
1942 -7354
1943 1739
1944 10994
1945 6063
1946 5158
1947 -6162
1948 -11075
1949 -6778
1950 -2305
1951 -1390
1952 7736
1953 -14689
1954 -10574
1955 -4540
1956 18361
1957 -2465
1958 -4330
1959 -7993
1960 -7177
1961 -1518
1962 1867
1963 -536
1964 10953
1965 683
1966 -1131
1967 -1618
1968 18169
1969 -9717
1970 -651
1971 -359
1972 -5384
1973 4054
1974 8319
1975 8552
1976 6821
1977 980
1978 -15880
1979 -6387
1980 10388
1981 3613
1982 1171
1983 -7136
1984 -6057
1985 17345
1986 -429
1987 13723
1988 9978
1989 -5779
1990 -12571
1991 -1255
1992 14710
1993 10488
1994 -13925
1995 9276
1996 1333
1997 -3201
1998 2466
1999 4272
2000 6100
2001 4477
2002 -5592
2003 -2092
2004 11191
2005 6803
2006 -3672
2007 4101
2008 -7207
2009 2750
2010 4883
2011 10641
2012 -3473
2013 -2521
2014 -11638
2015 -13657
2016 19227
2017 18907
2018 -5728
2019 -852
2020 -5912
2021 2241
2022 986
2023 1931
2024 13810
2025 -7466
2026 -15308
2027 -443
2028 11176
2029 10918
2030 7471
2031 -8230
2032 -6940
2033 3035
2034 981
2035 14146
2036 13913
2037 734
2038 -8663
2039 -1974
2040 16402
2041 9099
2042 -3549
2043 8718
2044 709
2045 -643
2046 5365
2047 8920
ThreeToneFilter
0 32767
1 -2164
2 1965
3 734
4 1390
5 -561
6 -2007
7 -902
8 -1700
9 587
10 2057
11 -1090
12 -4891
13 552
14 1804
15 -255
16 -859
17 -592
18 686
19 -575
20 395
21 141
22 3479
23 266
24 -3755
25 -309
26 1101
27 880
28 627
29 -669
30 -1093
31 358
32 631
33 430
34 1035
35 -713
36 -1657
37 -875
38 2276
39 -2338
40 937
41 -434
42 -1105
43 -585
44 -47
45 -1085
46 1834
47 341
48 -3082
49 459
50 4238
ThreeToneNoise
0 15084
1 13219
2 -17547
3 2502
4 -1343
5 -7626
6 673
7 4523
8 25241
9 13625
10 -19822
11 17698
12 16179
13 2157
14 -206
15 -3721
16 -3926
17 8687
18 11418
19 10789
20 8289
21 -9567
22 -7767
23 9506
24 14800
25 8559
26 -135
27 -4295
28 -1489
29 -4592
30 8382
31 -4165
32 -1860
33 -7246
34 -29119
35 8388
36 13845
37 -1878
38 3617
39 -12506
40 -3798
41 -1409
42 5063
43 4349
44 -670
45 -2701
46 -12911
47 3660
48 18324
49 8993
50 -9411
51 -2075
52 -10282
53 -6494
54 3161
55 11462
56 -115
57 -360
58 -13265
59 6515
60 5598
61 2715
62 -1152
63 3893
64 5803
65 501
66 -5497
67 -1804
68 -1818
69 11181
70 -15540
71 4362
72 10826
73 7707
74 -8834
75 -10703
76 -11497
77 2846
78 2167
79 1381
80 12650
81 -825
82 -10796
83 9258
84 7257
85 6587
86 496
87 -3947
88 -1945
89 -6799
90 -3493
91 3136
92 8585
93 12552
94 -15839
95 1092
96 11468
97 -8748
98 -6934
99 -12991
100 1698
101 -5179
102 3785
103 -651
104 6143
105 -6026
106 -9092
107 4311
108 21932
109 1393
110 -16844
111 -7422
112 4697
113 -6253
114 8805
115 3248
116 12751
117 -13961
118 -13102
119 -7044
120 28907
121 7337
122 3667
123 -8696
124 -5935
125 -1589
126 9607
127 904
128 8464
129 -14491
130 -14013
131 -4803
132 2752
133 5487
134 -2730
135 -2330
136 -10980
137 6575
138 5243
139 781
140 4507
141 -4053
142 -22156
143 -1666
144 7100
145 -3186
146 -11118
147 -5637
148 -14881
149 5622
150 6234
151 2408
152 4170
153 -7180
154 -6009
155 -777
156 7782
157 10405
158 -5685
159 -5961
160 -4915
161 -4945
162 -3331
163 17255
164 14027
165 -732
166 -19281
167 -5048
168 10919
169 7140
170 -12142
171 -16112
172 -11653
173 1944
174 5483
175 5159
176 3613
177 -1454
178 -14726
179 5026
180 4008
181 5178
182 -9323
183 -4479
184 21
185 6059
186 -3316
187 9876
188 8223
189 -2921
190 -13088
191 -1269
192 10181
193 2659
194 -4075
195 2292
196 5702
197 2722
198 1978
199 6170
200 5442
201 -8531
202 -6414
203 1790
204 12737
205 5529
206 -2850
207 -8016
208 -4149
209 -852
210 99
211 12334
212 -734
213 -5347
214 -16102
215 -6848
216 10828
217 926
218 4549
219 -3978
220 -9408
221 9350
222 10401
223 1186
224 -4410
225 -5119
226 -12859
227 1609
228 10426
229 5110
230 -2089
231 -9819
232 -8730
233 -4322
234 240
235 655
236 4446
237 -20190
238 -14615
239 7245
240 5728
241 7970
242 -2331
243 -2695
244 -2138
245 -9127
246 2708
247 11878
248 4947
249 -2284
250 -16231
251 -180
252 13304
253 5011
254 -6548
255 -3905
256 8599
257 -13170
258 16202
259 4493
260 10205
261 -12230
262 -15390
263 -1622
264 14414
265 -7215
266 -1624
267 -9598
268 -2816
269 3804
270 5109
271 8838
272 10240
273 -6321
274 -10451
275 -5508
276 4241
277 7918
278 -4374
279 -2846
280 2111
281 3467
282 5243
283 9816
284 9795
285 -1127
286 -15975
287 -3800
288 18900
289 -6875
290 -4517
291 -13890
292 2749
293 5025
294 3208
295 2112
296 -10126
297 864
298 -24735
299 -13526
300 12415
301 -3006
302 -1975
303 1422
304 1800
305 -4031
306 5822
307 3111
308 9190
309 601
310 -6714
311 -770
312 11090
313 8402
314 -16758
315 -5468
316 -10612
317 -2232
318 6984
319 7340
320 -1546
321 -5273
322 -11151
323 -1703
324 13709
325 4857
326 -9797
327 -3557
328 -15636
329 6679
330 -467
331 -4496
332 2892
333 -10857
334 -12071
335 -3270
336 24648
337 9164
338 -18935
339 48
340 -11356
341 -1488
342 4160
343 6885
344 2781
345 6667
346 -14754
347 1909
348 15825
349 3021
350 763
351 -641
352 -7775
353 -10529
354 14040
355 -1001
356 4976
357 759
358 -11287
359 -5276
360 9221
361 1796
362 4250
363 -7546
364 1374
365 1799
366 1837
367 -3639
368 2716
369 -3031
370 -20518
371 1120
372 7153
373 1975
374 -2414
375 -7801
376 -4883
377 2041
378 -7505
379 8566
380 18512
381 3069
382 -13791
383 2499
384 5907
385 13476
386 1112
387 2066
388 -8310
389 1865
390 -54
391 709
392 1049
393 -8507
394 -17249
395 -1225
396 2042
397 6068
398 -5061
399 1552
400 -1630
401 2882
402 -5448
403 -3425
404 1766
405 -1886
406 -5367
407 -1691
408 19305
409 5297
410 2473
411 -1785
412 -7033
413 -8639
414 4108
415 7298
416 2667
417 -5679
418 -13749
419 -6395
420 9074
421 1471
422 -4107
423 -2898
424 363
425 637
426 13780
427 4344
428 14896
429 -6743
430 -8879
431 -1518
432 15448
433 5988
434 -17122
435 -10264
436 -11606
437 2343
438 11775
439 619
440 9110
441 656
442 -18082
443 2317
444 7564
445 11367
446 -4564
447 7015
448 -5681
449 3437
450 2835
451 -9267
452 -1354
453 1046
454 -12270
455 -6524
456 8296
457 3980
458 -10165
459 3160
460 -6939
461 10548
462 -3096
463 3686
464 -4497
465 -6746
466 -15409
467 2340
468 17443
469 4277
470 -6550
471 2230
472 1457
473 700
474 6533
475 4932
476 -1382
477 1904
478 -15782
479 -3522
480 12980
481 731
482 -5143
483 946
484 2902
485 -1155
486 5112
487 1135
488 5712
489 40
490 -15547
491 1602
492 15454
493 3063
494 5714
495 -6074
496 -7500
497 -10205
498 8511
499 7581
500 3907
501 2714
502 -10878
503 1695
504 12607
505 5090
506 -3781
507 13729
508 -10006
509 -10814
510 -3451
511 -3851
512 1845
513 -3508
514 -13224
515 3156
516 14219
517 6905
518 5996
519 4607
520 -10686
521 -13582
522 8461
523 -8180
524 4762
525 -2319
526 1038
527 -404
528 8990
529 3900
530 -2941
531 -2117
532 -6751
533 -7130
534 5047
535 -5306
536 -1646
537 5237
538 -14392
539 -819
540 17196
541 775
542 1629
543 -4538
544 2704
545 3670
546 1959
547 -2524
548 -1710
549 -4101
550 -14505
551 -2384
552 17684
553 789
554 2295
555 -5626
556 2469
557 -3046
558 4231
559 8186
560 1959
561 -5081
562 -267
563 5545
564 9429
565 6309
566 -6474
567 1591
568 5054
569 -9357
570 9201
571 11027
572 4650
573 7658
574 -11043
575 -7215
576 -843
577 580
578 -213
579 -675
580 -790
581 -3366
582 4041
583 -7031
584 -59
585 -7300
586 -8919
587 -83
588 5210
589 2469
590 -8397
591 -6414
592 1837
593 661
594 5524
595 7680
596 5424
597 687
598 -7967
599 6826
600 14724
601 10760
602 -4242
603 -2805
604 6719
605 -2973
606 3185
607 7889
608 5247
609 5667
610 -5919
611 1700
612 7413
613 5829
614 -12437
615 -1100
616 1512
617 1242
618 8331
619 14414
620 9761
621 -969
622 -8208
623 2481
624 4282
625 96
626 2768
627 -2780
628 194
629 -5870
630 3577
631 6025
632 -3567
633 -499
634 -13010
635 -5479
636 11730
637 -8534
638 -16784
639 -9389
640 -8979
641 -6841
642 -6861
643 4205
644 -4923
645 -1883
646 -7360
647 -13
648 12492
649 319
650 -13020
651 -2781
652 2401
653 10136
654 692
655 -6965
656 5343
657 -331
658 -13273
659 -6700
660 23754
661 -11235
662 -7348
663 -10233
664 -6912
665 1853
666 4006
667 -1620
668 8904
669 1104
670 -8174
671 -2483
672 18063
673 6378
674 10256
675 3676
676 3544
677 308
678 -4312
679 360
680 -46
681 -5814
682 -8712
683 -3247
684 6729
685 138
686 -5312
687 -139
688 -8758
689 1850
690 3656
691 10248
692 3130
693 -3310
694 -18780
695 -8079
696 13759
697 1070
698 -1437
699 -7731
700 7927
701 712
702 9307
703 1201
704 3426
705 1498
706 -8709
707 -6533
708 3011
709 -3878
710 -12630
711 -2178
712 -5600
713 -2147
714 -4735
715 7071
716 6936
717 -3048
718 -5995
719 -5097
720 14367
721 4557
722 -2337
723 -6778
724 -1296
725 -3003
726 -2026
727 -4492
728 10425
729 -7459
730 -12958
731 -7049
732 10216
733 -16323
734 -10713
735 -10844
736 -9118
737 -1244
738 1304
739 13864
740 1039
741 -3984
742 -21101
743 -2784
744 4146
745 2701
746 601
747 -168
748 -7288
749 -9509
750 11715
751 14480
752 5076
753 -8298
754 -4965
755 -3457
756 9209
757 7694
758 -12452
759 -13937
760 -749
761 2336
762 3756
763 5421
764 10684
765 3134
766 -15265
767 4723
768 12959
769 -423
770 -11333
771 1247
772 -5264
773 270
774 -1423
775 -6517
776 5374
777 -2888
778 -4957
779 4675
780 18091
781 -1842
782 -9834
783 -9926
784 -298
785 16264
786 7444
787 -1984
788 9252
789 -9106
790 -20256
791 4183
792 7412
793 4367
794 3828
795 -186
796 2219
797 -9365
798 7059
799 14995
800 7529
801 -11511
802 -13134
803 -2916
804 14182
805 4927
806 -2010
807 -4647
808 -6697
809 -3439
810 8179
811 -8281
812 3164
813 -949
814 -15756
815 2782
816 11533
817 -2947
818 -3433
819 -4090
820 -5592
821 -4149
822 3560
823 -8241
824 2050
825 -5695
826 -17267
827 3806
828 7667
829 5677
830 1317
831 -3440
832 -1582
833 3729
834 2729
835 5679
836 -2990
837 3950
838 -17720
839 -10665
840 20022
841 2159
842 -1756
843 -4644
844 -9154
845 -17921
846 6853
847 853
848 3222
849 -160
850 -20227
851 -4254
852 18639
853 6011
854 -11846
855 -15374
856 -6534
857 1247
858 8697
859 3071
860 -2172
861 -740
862 -18786
863 -5604
864 8136
865 -4645
866 -5954
867 -7774
868 -4868
869 -2697
870 812
871 -412
872 11565
873 1033
874 -11605
875 -8555
876 2468
877 -8933
878 10818
879 3145
880 -1704
881 -5682
882 -3484
883 5718
884 13500
885 -12400
886 -14570
887 -492
888 332
889 7430
890 -6792
891 8625
892 -5482
893 2386
894 -3461
895 -1119
896 -2442
897 -236
898 -4358
899 -3462
900 14493
901 -417
902 -3779
903 4450
904 -2501
905 -6047
906 -1797
907 1534
908 3255
909 -7575
910 -10896
911 7385
912 10484
913 1332
914 -17212
915 -7042
916 -11327
917 -2253
918 6266
919 11408
920 14861
921 -3207
922 -13817
923 4767
924 14807
925 6987
926 164
927 -11158
928 -51
929 -534
930 -1232
931 -1520
932 11846
933 -7248
934 -19162
935 1251
936 23675
937 2674
938 -2576
939 -7997
940 6561
941 728
942 6293
943 -3027
944 9354
945 -256
946 -18691
947 231
948 9321
949 3162
950 -5835
951 -3633
952 -9226
953 -1886
954 7671
955 12699
956 -2394
957 11338
958 -3050
959 982
960 10192
961 -1550
962 482
963 -6576
964 -5896
965 5152
966 5743
967 7754
968 7317
969 -4863
970 -14946
971 4644
972 8035
973 9445
974 237
975 -848
976 -3183
977 2132
978 23767
979 1869
980 -4704
981 8642
982 -8393
983 -3779
984 27212
985 5738
986 -2659
987 -7062
988 -9412
989 -10313
990 735
991 -3617
992 8151
993 -4378
994 -1634
995 8809
996 12905
997 876
998 2345
999 -9212
1000 726
1001 -3902
1002 867
1003 -1393
1004 7730
1005 -7063
1006 -18152
1007 3224
1008 9479
1009 4633
1010 -6426
1011 -954
1012 -18157
1013 2716
1014 14010
1015 8585
1016 9685
1017 -3924
1018 -10894
1019 1424
1020 12511
1021 -2318
1022 -6428
1023 -3545
1024 -6005
1025 4880
1026 18004
1027 -5192
1028 5122
1029 -10937
1030 -4354
1031 8221
1032 2253
1033 13859
1034 -10700
1035 -1203
1036 3206
1037 858
1038 16589
1039 18576
1040 5180
1041 -13647
1042 -14078
1043 -4946
1044 7489
1045 -4052
1046 -3918
1047 9759
1048 -7377
1049 -1636
1050 10004
1051 9597
1052 7205
1053 3458
1054 -6872
1055 -2227
1056 14450
1057 780
1058 -9622
1059 1176
1060 -2809
1061 -1092
1062 4902
1063 8284
1064 6665
1065 -1391
1066 -10318
1067 298
1068 7432
1069 7113
1070 3842
1071 -5640
1072 8040
1073 -1028
1074 1780
1075 -2710
1076 -247
1077 -8083
1078 -9886
1079 9313
1080 15025
1081 7506
1082 3451
1083 -17102
1084 -4179
1085 2058
1086 7384
1087 -5085
1088 -1493
1089 2085
1090 -12629
1091 3225
1092 6347
1093 -7003
1094 65
1095 4433
1096 6315
1097 -8936
1098 -4595
1099 -6070
1100 4130
1101 -6115
1102 -4286
1103 -8486
1104 1788
1105 3722
1106 2582
1107 -7207
1108 -10583
1109 -871
1110 -6342
1111 2626
1112 9204
1113 -1256
1114 -23083
1115 -3131
1116 10187
1117 13101
1118 961
1119 -2859
1120 4433
1121 -6093
1122 1170
1123 10762
1124 13134
1125 1734
1126 -9088
1127 -3419
1128 16293
1129 -2305
1130 -1024
1131 -882
1132 3442
1133 -2484
1134 6911
1135 7150
1136 -866
1137 -1614
1138 -2635
1139 655
1140 10149
1141 5188
1142 -5978
1143 59
1144 -3988
1145 -107
1146 5888
1147 10469
1148 7008
1149 7087
1150 -23778
1151 -2620
1152 13325
1153 -2346
1154 -11815
1155 1073
1156 371
1157 1687
1158 5507
1159 -2552
1160 1471
1161 -3148
1162 -15961
1163 1935
1164 25742
1165 -288
1166 -599
1167 -8558
1168 4609
1169 -5652
1170 4418
1171 -1083
1172 7359
1173 -2459
1174 -12206
1175 17197
1176 8274
1177 2251
1178 11272
1179 -9213
1180 23
1181 -6278
1182 9211
1183 4435
1184 8176
1185 -4152
1186 -10520
1187 8587
1188 -1319
1189 -7000
1190 -1951
1191 -6344
1192 -4930
1193 -8730
1194 -2075
1195 168
1196 141
1197 -7579
1198 -14410
1199 -5498
1200 19774
1201 -3239
1202 6227
1203 -4709
1204 -11668
1205 -3608
1206 8651
1207 8682
1208 5308
1209 -850
1210 -8259
1211 -8509
1212 8556
1213 -8148
1214 -6993
1215 3010
1216 982
1217 13341
1218 4174
1219 -10051
1220 14225
1221 4952
1222 -15347
1223 1298
1224 16494
1225 4768
1226 -313
1227 -3183
1228 -3429
1229 513
1230 -1404
1231 10823
1232 4410
1233 1478
1234 -16935
1235 -6271
1236 11418
1237 1051
1238 2594
1239 1009
1240 -50
1241 -8427
1242 -2442
1243 3703
1244 2344
1245 4998
1246 -4129
1247 -3387
1248 17052
1249 10662
1250 -2502
1251 6941
1252 2993
1253 1248
1254 8314
1255 3658
1256 1954
1257 -435
1258 -11738
1259 -2127
1260 22276
1261 3815
1262 11548
1263 -4253
1264 88
1265 9229
1266 19117
1267 4295
1268 -235
1269 2159
1270 -19647
1271 -1597
1272 13534
1273 11211
1274 4007
1275 -2686
1276 2186
1277 -1874
1278 7057
1279 13694
1280 5287
1281 -4278
1282 -14866
1283 4178
1284 19747
1285 14921
1286 -4059
1287 -1575
1288 -6892
1289 9400
1290 2761
1291 -235
1292 17111
1293 2197
1294 -7772
1295 -5865
1296 14479
1297 5558
1298 -10744
1299 -3842
1300 -5564
1301 3078
1302 -2671
1303 8875
1304 14782
1305 -4297
1306 -12000
1307 2954
1308 18965
1309 5569
1310 -2059
1311 -5341
1312 -4552
1313 3576
1314 13015
1315 5839
1316 -2660
1317 0
1318 -12487
1319 -1424
1320 10670
1321 -2606
1322 -6245
1323 -7100
1324 -5331
1325 683
1326 4218
1327 1267
1328 3483
1329 -2329
1330 -9277
1331 7473
1332 15565
1333 853
1334 -887
1335 -3957
1336 -13587
1337 -13689
1338 -6792
1339 1142
1340 760
1341 -6725
1342 -11712
1343 -3843
1344 8272
1345 6080
1346 188
1347 11683
1348 -1439
1349 340
1350 -147
1351 1386
1352 4078
1353 -12765
1354 -13450
1355 4371
1356 8620
1357 5407
1358 1407
1359 3756
1360 1328
1361 -13179
1362 -90
1363 7782
1364 6675
1365 -2497
1366 -9402
1367 6590
1368 12845
1369 -1899
1370 -5425
1371 -3737
1372 2027
1373 2404
1374 6394
1375 3387
1376 2261
1377 -2169
1378 -10686
1379 -8154
1380 12992
1381 7934
1382 -5017
1383 6644
1384 66
1385 -2452
1386 2304
1387 920
1388 5779
1389 1875
1390 -13652
1391 2673
1392 22185
1393 7957
1394 438
1395 -7277
1396 -6317
1397 1414
1398 2614
1399 -6952
1400 -4458
1401 3459
1402 -16371
1403 12119
1404 -1009
1405 5142
1406 -4371
1407 -6936
1408 -844
1409 -4630
1410 8215
1411 2915
1412 -5187
1413 -16666
1414 -13605
1415 6681
1416 13005
1417 2841
1418 -363
1419 -10651
1420 5110
1421 -5213
1422 3421
1423 404
1424 5245
1425 -13865
1426 -3063
1427 3182
1428 23670
1429 10786
1430 -4307
1431 -8002
1432 -13343
1433 98
1434 4479
1435 8623
1436 -1173
1437 2109
1438 -11533
1439 -4512
1440 16463
1441 4074
1442 -5745
1443 8422
1444 351
1445 -644
1446 4819
1447 3032
1448 5385
1449 120
1450 -15469
1451 -4648
1452 14052
1453 13518
1454 -6163
1455 -8431
1456 -4593
1457 -2823
1458 1292
1459 5298
1460 3615
1461 -5992
1462 -14537
1463 -7713
1464 6936
1465 -5715
1466 -7383
1467 -8853
1468 -7326
1469 -1760
1470 -3799
1471 2412
1472 6358
1473 -8143
1474 -5454
1475 -9250
1476 9664
1477 -6133
1478 -6384
1479 -10246
1480 -6554
1481 -4320
1482 -3709
1483 -9517
1484 7668
1485 9138
1486 1016
1487 -2871
1488 11680
1489 -191
1490 -3931
1491 -7884
1492 -14396
1493 -213
1494 -3943
1495 -8570
1496 18219
1497 -3886
1498 -9594
1499 6953
1500 2124
1501 4934
1502 -1448
1503 -2041
1504 -2282
1505 -3079
1506 7418
1507 -2432
1508 -271
1509 1704
1510 -2114
1511 -2254
1512 9003
1513 4904
1514 1879
1515 3119
1516 -1627
1517 -3700
1518 6874
1519 2063
1520 12403
1521 -10738
1522 -11126
1523 7521
1524 9062
1525 -1119
1526 -9819
1527 -4151
1528 -4372
1529 797
1530 -1950
1531 3006
1532 852
1533 -4676
1534 -16837
1535 -1648
1536 32767
1537 22396
1538 2314
1539 2065
1540 -10656
1541 -3410
1542 -411
1543 5646
1544 7190
1545 -1893
1546 -13934
1547 -5400
1548 11980
1549 9168
1550 -1882
1551 -1470
1552 632
1553 3407
1554 -6225
1555 2634
1556 1889
1557 -14387
1558 -19697
1559 -1866
1560 16762
1561 1188
1562 -2845
1563 -7762
1564 -15783
1565 547
1566 -2346
1567 9363
1568 14491
1569 -4693
1570 -4993
1571 5561
1572 3697
1573 2330
1574 -2851
1575 524
1576 744
1577 3932
1578 7157
1579 702
1580 6585
1581 -15664
1582 -18763
1583 7009
1584 8095
1585 4435
1586 4421
1587 -7709
1588 -8796
1589 -2874
1590 5773
1591 1331
1592 -1329
1593 -11698
1594 -14109
1595 -1290
1596 8827
1597 997
1598 -10762
1599 677
1600 -15884
1601 843
1602 7103
1603 -2425
1604 4040
1605 -824
1606 -15534
1607 -80
1608 14352
1609 -2940
1610 496
1611 3857
1612 -1329
1613 88
1614 -3590
1615 5410
1616 -2717
1617 6751
1618 -8879
1619 1544
1620 9653
1621 -10167
1622 -11347
1623 -395
1624 10866
1625 4316
1626 5008
1627 -636
1628 5086
1629 3086
1630 -13431
1631 11031
1632 4833
1633 331
1634 -4068
1635 -13920
1636 95
1637 453
1638 3672
1639 7159
1640 10460
1641 2152
1642 -14684
1643 -272
1644 14010
1645 -4804
1646 -10416
1647 -5016
1648 -2749
1649 10443
1650 7851
1651 -56
1652 705
1653 6419
1654 3991
1655 976
1656 9156
1657 -5713
1658 1312
1659 -836
1660 3594
1661 -5300
1662 4604
1663 -1289
1664 11808
1665 -5740
1666 -12459
1667 -2029
1668 17745
1669 5023
1670 -10230
1671 -6215
1672 -9300
1673 2949
1674 5137
1675 -7012
1676 -6747
1677 -2761
1678 -7884
1679 984
1680 2946
1681 -6525
1682 682
1683 -3373
1684 -5455
1685 7675
1686 -1443
1687 3314
1688 6810
1689 2256
1690 -16932
1691 2083
1692 27976
1693 -6298
1694 -1843
1695 -3866
1696 -8025
1697 -4852
1698 6105
1699 16028
1700 -256
1701 629
1702 -15210
1703 11526
1704 15125
1705 1720
1706 -759
1707 -2558
1708 3254
1709 -1083
1710 -3338
1711 3962
1712 13476
1713 -9504
1714 -13363
1715 5859
1716 751
1717 6172
1718 17
1719 -1281
1720 -7694
1721 -42
1722 3745
1723 7979
1724 8243
1725 -4568
1726 -2503
1727 -297
1728 7209
1729 -32
1730 633
1731 -1387
1732 1981
1733 403
1734 17703
1735 -7189
1736 1948
1737 -3017
1738 -11429
1739 8491
1740 13228
1741 1855
1742 -3974
1743 1857
1744 -7223
1745 2628
1746 -5925
1747 2065
1748 -1119
1749 -6333
1750 -10302
1751 -6561
1752 6181
1753 -6315
1754 -17370
1755 -3409
1756 3578
1757 -1061
1758 1837
1759 -3579
1760 13606
1761 -3980
1762 -4403
1763 2110
1764 10415
1765 8835
1766 1355
1767 -3176
1768 4355
1769 10387
1770 2819
1771 1034
1772 6733
1773 -474
1774 -7241
1775 -1491
1776 16119
1777 8640
1778 -3339
1779 -1632
1780 -10517
1781 -6840
1782 -5321
1783 -4732
1784 3469
1785 -11943
1786 1148
1787 4311
1788 -109
1789 -4208
1790 -4999
1791 -12514
1792 -5884
1793 6362
1794 2246
1795 2133
1796 -1468
1797 -5766
1798 -19831
1799 2123
1800 9312
1801 7093
1802 2841
1803 3756
1804 -3405
1805 -2940
1806 -3937
1807 3216
1808 9968
1809 -4514
1810 -12960
1811 3593
1812 16987
1813 -5738
1814 -3208
1815 -1384
1816 -4084
1817 5206
1818 1077
1819 -2293
1820 5983
1821 156
1822 -13218
1823 4642
1824 3096
1825 -3744
1826 -22290
1827 515
1828 -8981
1829 -1477
1830 9087
1831 2822
1832 1805
1833 -7474
1834 -13351
1835 3516
1836 3106
1837 2126
1838 188
1839 -10811
1840 701
1841 3984
1842 -1943
1843 -6249
1844 6899
1845 2188
1846 -8573
1847 4448
1848 5055
1849 5929
1850 -7757
1851 -5799
1852 -12276
1853 6415
1854 4222
1855 8377
1856 13185
1857 -9158
1858 -8200
1859 -75
1860 17280
1861 8984
1862 410
1863 -7294
1864 -3940
1865 1540
1866 21620
1867 9678
1868 17906
1869 -108
1870 -10714
1871 3575
1872 8871
1873 9765
1874 -5293
1875 -10536
1876 1876
1877 -9147
1878 -7554
1879 4207
1880 -1172
1881 -7837
1882 -12894
1883 -2852
1884 10649
1885 4111
1886 -11189
1887 -9665
1888 -15445
1889 -2276
1890 7075
1891 -1571
1892 7297
1893 625
1894 -6172
1895 5769
1896 7932
1897 -2472
1898 -4092
1899 -6403
1900 5270
1901 8046
1902 3756
1903 34
1904 7352
1905 -6353
1906 -12679
1907 -3094
1908 12564
1909 9105
1910 -44
1911 4143
1912 -8536
1913 1048
1914 -2533
1915 4769
1916 6272
1917 5034
1918 -5539
1919 3809
1920 9003
1921 -251
1922 -16338
1923 -5140
1924 -12248
1925 5422
1926 8461
1927 3331
1928 2166
1929 -1691
1930 -2590
1931 7867
1932 9333
1933 3507
1934 -10908
1935 -189
1936 1108
1937 5248
1938 -5728
1939 5467
1940 -667
1941 -4722
1942 -7354
1943 1739
1944 10994
1945 6063
1946 5158
1947 -6162
1948 -11075
1949 -6778
1950 -2305
1951 -1390
1952 7736
1953 -14689
1954 -10574
1955 -4540
1956 18361
1957 -2465
1958 -4330
1959 -7993
1960 -7177
1961 -1518
1962 1867
1963 -536
1964 10953
1965 683
1966 -1131
1967 -1618
1968 18169
1969 -9717
1970 -651
1971 -359
1972 -5384
1973 4054
1974 8319
1975 8552
1976 6821
1977 980
1978 -15880
1979 -6387
1980 10388
1981 3613
1982 1171
1983 -7136
1984 -6057
1985 17345
1986 -429
1987 13723
1988 9978
1989 -5779
1990 -12571
1991 -1255
1992 14710
1993 10488
1994 -13925
1995 9276
1996 1333
1997 -3201
1998 2466
1999 4272
2000 6100
2001 4477
2002 -5592
2003 -2092
2004 11191
2005 6803
2006 -3672
2007 4101
2008 -7207
2009 2750
2010 4883
2011 10641
2012 -3473
2013 -2521
2014 -11638
2015 -13657
2016 19227
2017 18907
2018 -5728
2019 -852
2020 -5912
2021 2241
2022 986
2023 1931
2024 13810
2025 -7466
2026 -15308
2027 -443
2028 11176
2029 10918
2030 7471
2031 -8230
2032 -6940
2033 3035
2034 981
2035 14146
2036 13913
2037 734
2038 -8663
2039 -1974
2040 16402
2041 9099
2042 -3549
2043 8718
2044 709
2045 -643
2046 5365
2047 8920
ThreeToneFilter
0 32767
1 -2164
2 1965
3 734
4 1390
5 -561
6 -2007
7 -902
8 -1700
9 587
10 2057
11 -1090
12 -4891
13 552
14 1804
15 -255
16 -859
17 -592
18 686
19 -575
20 395
21 141
22 3479
23 266
24 -3755
25 -309
26 1101
27 880
28 627
29 -669
30 -1093
31 358
32 631
33 430
34 1035
35 -713
36 -1657
37 -875
38 2276
39 -2338
40 937
41 -434
42 -1105
43 -585
44 -47
45 -1085
46 1834
47 341
48 -3082
49 459
50 4238
Filtered output for frame 1
0 11461
1 14953
2 -9992
3 9543
4 -8865
5 -15401
6 -2833
7 5646
8 31680
9 16248
10 -24307
11 14933
12 11631
13 3857
14 6603
15 -1114
16 -9903
17 2817
18 12162
19 11615
20 7989
21 -6657
22 -2861
23 5703
24 2763
25 6757
26 7099
27 -2673
28 -3119
29 -6651
30 6166
31 -5661
32 -3397
33 -4312
34 -24777
35 5987
36 4129
37 -4260
38 7237
39 -6706
40 -1067
41 -987
42 3342
43 -972
44 -3356
45 5876
46 -2801
47 1412
48 7622
49 7687
50 -5583
51 3801
52 -8465
53 -6951
54 -2756
55 7063
56 -8045
57 4651
58 4096
59 4371
60 -7668
61 1122
62 1000
63 8259
64 10625
65 -661
66 -9707
67 -6200
68 -2823
69 17274
70 -6666
71 2479
72 -473
73 8494
74 -5723
75 -7807
76 -6542
77 3052
78 -1293
79 -1930
80 8952
81 804
82 2451
83 8376
84 -5256
85 4792
86 3840
87 899
88 -619
89 -8125
90 -5954
91 1875
92 4014
93 13666
94 -8782
95 4301
96 1908
97 -11249
98 -4177
99 -10940
100 3847
101 -5439
102 2632
103 -3879
104 925
105 -2270
106 912
107 4463
108 11194
109 682
110 -13267
111 -1981
112 4321
113 -5447
114 8772
115 2426
116 7384
117 -14033
118 178
119 -7792
120 16744
121 3331
122 8569
123 -4350
124 -3682
125 -1896
126 7141
127 -3885
128 970
129 -9615
130 419
131 -5617
132 -12177
133 2208
134 2261
135 2088
136 -7151
137 6665
138 3295
139 -3952
140 951
141 -618
142 -7308
143 807
144 -4435
145 -8974
146 -7438
147 -1434
148 -9689
149 4130
150 1760
151 -3490
152 1188
153 -1807
154 8721
155 -2395
156 -2328
157 5293
158 722
159 -1621
160 -271
161 -6959
162 -6598
163 11704
164 8699
165 2348
166 -5980
167 -3956
168 1102
169 -1
170 -9940
171 -10142
172 -4469
173 2065
174 1026
175 -850
176 -1923
177 5315
178 -1351
179 5849
180 -8204
181 319
182 -7372
183 3131
184 4651
185 6315
186 -6886
187 8898
188 2415
189 149
190 -440
191 121
192 -1052
193 -4932
194 -1809
195 7848
196 8350
197 2449
198 -1454
199 1747
200 176
201 -2873
202 2520
203 878
204 2527
205 544
206 1581
207 -2308
208 -4247
209 -76
210 -423
211 6194
212 -7741
213 1634
214 -4787
215 -4539
216 -166
217 -4300
218 8182
219 1211
220 -7531
221 9404
222 7010
223 -3327
224 -8086
225 1721
226 -3757
227 1512
228 267
229 773
230 -790
231 -3336
232 -5565
233 -5775
234 -3148
235 -4275
236 1245
237 -16226
238 -3487
239 7329
240 -3569
241 2978
242 -797
243 4389
244 2946
245 -8509
246 186
247 5513
248 1624
249 6635
250 -7062
251 -668
252 4928
253 95
254 -4343
255 -289
256 13652
257 -12850
258 13472
259 -3919
260 6457
261 -5355
262 -3342
263 -2506
264 1983
265 -12469
266 938
267 -6768
268 2303
269 6177
270 -126
271 3921
272 7045
273 704
274 2119
275 -7509
276 -4472
277 3891
278 -1909
279 1680
280 5648
281 5094
282 2753
283 1974
284 4423
285 4778
286 -5387
287 -5000
288 8229
289 -12280
290 -917
291 -10312
292 6202
293 5042
294 1237
295 -6512
296 -13423
297 6307
298 -13711
299 -12965
300 415
301 -8228
302 5423
303 4804
304 5114
305 -3518
306 6823
307 -1280
308 6431
309 2082
310 7864
311 -1149
312 171
313 5210
314 -13869
315 -4
316 -10241
317 -3201
318 2368
319 2876
320 -5372
321 -2434
322 549
323 -593
324 2858
325 -739
326 -4112
327 -720
328 -11381
329 7027
330 -4323
331 -6798
332 214
333 -7022
334 -204
335 -865
336 11624
337 3948
338 -11724
339 5772
340 -6350
341 -2131
342 -1289
343 4201
344 1332
345 8934
346 -3731
347 4648
348 -991
349 -2539
350 7127
351 1456
352 -4220
353 -10179
354 10442
355 -6123
356 2173
357 3710
358 737
359 -2167
360 -4422
361 -2865
362 8232
363 -4343
364 6254
365 3371
366 -6045
367 -4921
368 971
369 -646
370 -9843
371 2249
372 -3624
373 -2151
374 742
375 -4255
376 392
377 2864
378 -13384
379 8743
380 13025
381 3473
382 -1802
383 5991
384 -5167
385 9735
386 4388
387 4789
388 -7177
389 3541
390 -2589
391 -3382
392 -5627
393 -9062
394 -4532
395 738
396 -7868
397 1496
398 -3835
399 4638
400 3476
401 3748
402 -6028
403 -5802
404 -2570
405 -521
406 4335
407 380
408 13475
409 1044
410 3676
411 2026
412 -2575
413 -9106
414 4258
415 4901
416 -6000
417 -3111
418 -3276
419 -4753
420 -474
421 -2560
422 -5087
423 498
424 2437
425 466
426 12719
427 1083
428 9684
429 -3457
430 3841
431 517
432 7012
433 2213
434 -17479
435 -5130
436 -8108
437 4926
438 6259
439 -4111
440 4274
441 4950
442 -6327
443 3187
444 -4087
445 5915
446 -880
447 11511
448 -1406
449 3546
450 -125
451 -12036
452 -6171
453 1715
454 -2460
455 -5369
456 -2284
457 -1399
458 -5029
459 7682
460 -1381
461 10908
462 -8728
463 2837
464 -7656
465 -4673
466 -4658
467 2622
468 6706
469 -1737
470 -1396
471 6141
472 5074
473 -1404
474 2875
475 4007
476 -3103
477 4625
478 -4700
479 -2392
480 -191
481 -1034
482 -928
483 3939
484 3309
485 -2994
486 -432
487 731
488 3465
489 814
490 -3790
491 2982
492 2648
493 1449
494 11020
495 -3529
496 -5060
497 -8516
498 3957
499 6758
500 -1277
501 3521
502 -968
503 4721
504 1166
505 2217
506 -1061
507 16089
508 -7947
509 -7933
510 -7953
511 -6201
512 -2415
513 -3539
514 -3735
515 3422
516 3664
517 5762
518 9020
519 3376
520 -5424
521 -7135
522 6142
523 -13571
524 1217
525 -1642
526 12090
527 596
528 -922
529 3049
530 -1927
531 -4572
532 -1608
533 -4308
534 1939
535 -8003
536 -4262
537 5322
538 -5437
539 2059
540 9225
541 -1536
542 1846
543 -6204
544 10500
545 6473
546 -4104
547 -3911
548 -3188
549 -3210
550 -5661
551 -735
552 7510
553 -989
554 5434
555 -5756
556 7186
557 -1018
558 646
559 6194
560 -1261
561 -6571
562 11353
563 4979
564 -147
565 4298
566 -3172
567 4075
568 8316
569 -8999
570 4329
571 6089
572 4988
573 7952
574 -3770
575 -5807
576 -8679
577 -937
578 2274
579 -2469
580 1897
581 -1203
582 800
583 -10790
584 -881
585 -7659
586 -1075
587 1109
588 -3211
589 246
590 -3299
591 -4181
592 4984
593 1336
594 3927
595 6017
596 4265
597 1080
598 -1459
599 8144
600 7317
601 6919
602 -645
603 -734
604 7793
605 -2785
606 1030
607 1361
608 3228
609 8182
610 -1074
611 2308
612 -1157
613 2920
614 -7738
615 878
616 -612
617 3420
618 6743
619 10104
620 8880
621 980
622 1414
623 4554
624 -4125
625 -4632
626 6339
627 -1066
628 981
629 -4467
630 2475
631 1631
632 -6306
633 2045
634 -7954
635 -5280
636 3493
637 -12263
638 -13017
639 -6942
640 -8327
641 -5173
642 -9403
643 -509
644 -6862
645 2464
646 777
647 1177
648 4457
649 -546
650 -6134
651 1383
652 1765
653 13185
654 -1308
655 -10753
656 5213
657 1986
658 -6153
659 -6718
660 13084
661 -14757
662 -436
663 -7973
664 -7883
665 -167
666 2777
667 -3184
668 6654
669 4834
670 1944
671 -1780
672 6940
673 5410
674 16977
675 6304
676 5923
677 -865
678 -5040
679 426
680 -3079
681 -5626
682 -895
683 -2475
684 -5105
685 -2017
686 -316
687 1611
688 -9530
689 1029
690 1270
691 8602
692 -730
693 -1130
694 -9224
695 -6672
696 5392
697 -2210
698 2992
699 -7742
700 12432
701 -1264
702 9057
703 276
704 300
705 1961
706 2915
707 -5172
708 -8636
709 -6485
710 -8156
711 -1878
712 -4891
713 -4190
714 -7359
715 5638
716 2157
717 -3583
718 4961
719 -2556
720 7923
721 430
722 2815
723 -3288
724 2735
725 -823
726 -3506
727 -7318
728 5979
729 -6219
730 -5561
731 -5386
732 1103
733 -19376
734 -5784
735 -10000
736 -7525
737 -1101
738 1764
739 11069
740 -3211
741 -146
742 -9645
743 327
744 -6657
745 -1195
746 4900
747 2288
748 -4386
749 -7226
750 12860
751 9846
752 1362
753 -5221
754 5908
755 -2772
756 980
757 3536
758 -11727
759 -12079
760 2501
761 4825
762 -853
763 -2697
764 7090
765 7675
766 -4543
767 5933
768 4834
769 -5726
770 -6215
771 4763
772 -896
773 1052
774 -3100
775 -10871
776 -243
777 584
778 7100
779 4342
780 6135
781 -4755
782 -3855
783 -6703
784 1531
785 15203
786 2837
787 -5076
788 6950
789 -3884
790 -10118
791 2193
792 -5875
793 80
794 8168
795 4253
796 4020
797 -11401
798 7033
799 10495
800 4033
801 -6024
802 -2662
803 -4142
804 3451
805 183
806 1463
807 722
808 -5015
809 -4337
810 4006
811 -12630
812 -868
813 4413
814 -3006
815 694
816 970
817 -3807
818 1719
819 -1803
820 -2397
821 -4574
822 893
823 -11240
824 -3137
825 -3233
826 -4389
827 2817
828 -2829
829 4136
830 3838
831 1350
832 3602
833 857
834 138
835 5245
836 -7154
837 8093
838 -7017
839 -12878
840 10830
841 -2745
842 551
843 -2962
844 -3996
845 -16978
846 4825
847 -4447
848 -584
849 2029
850 -6455
851 -1891
852 7573
853 2995
854 -9887
855 -11290
856 926
857 1884
858 2657
859 -24
860 -4261
861 135
862 -3221
863 -3332
864 -5524
865 -8319
866 -2151
867 -4748
868 788
869 -2721
870 -3775
871 -1870
872 7060
873 1317
874 1355
875 -5308
876 -9465
877 -13782
878 14377
879 5546
880 4019
881 -4408
882 -5711
883 4085
884 10169
885 -14217
886 -2767
887 3353
888 -10005
889 4342
890 -5340
891 9892
892 -1724
893 7174
894 -5467
895 -6535
896 -7366
897 992
898 5481
899 -2448
900 7039
901 -2279
902 328
903 4618
904 -254
905 -5295
906 -1652
907 -309
908 -2373
909 -6949
910 -1933
911 9708
912 2442
913 -89
914 -15419
915 -7253
916 -8492
917 -2413
918 5051
919 7356
920 11102
921 -135
922 -1737
923 4268
924 7524
925 5993
926 523
927 -11450
928 3440
929 2857
930 -2551
931 -6783
932 4192
933 -1482
934 -8477
935 -176
936 11879
937 -2592
938 1959
939 -4158
940 9917
941 1927
942 4938
943 -7122
944 3905
945 3174
946 -6670
947 51
948 -3693
949 -470
950 -998
951 1231
952 -8720
953 -482
954 6772
955 8471
956 -10275
957 16788
958 10879
959 470
960 -1351
961 -5275
962 5157
963 -3844
964 -3331
965 2190
966 986
967 4287
968 2938
969 -1573
970 -2734
971 4157
972 -1859
973 5829
974 1222
975 4186
976 2317
977 772
978 21582
979 -4116
980 -7446
981 10641
982 3392
983 -5642
984 14727
985 1634
986 1123
987 -2567
988 -3400
989 -12003
990 -6064
991 -5195
992 4559
993 -4670
994 8884
995 11632
996 1355
997 -2982
998 5824
999 -5572
1000 6929
1001 -4829
1002 -6619
1003 -4642
1004 7848
1005 -4382
1006 -9356
1007 4537
1008 -629
1009 2005
1010 -6173
1011 3096
1012 -13745
1013 3282
1014 9500
1015 4933
1016 6784
1017 299
1018 2262
1019 337
1020 1125
1021 -7629
1022 -3540
1023 -1478
1024 582
1025 4677
1026 10374
1027 -8529
1028 6734
1029 -8503
1030 6793
1031 7190
1032 -8901
1033 11216
1034 -7991
1035 4514
1036 9801
1037 -2095
1038 11087
1039 12480
1040 2674
1041 -8408
1042 -3133
1043 -8287
1044 -1596
1045 -8390
1046 -1023
1047 13834
1048 -2004
1049 -984
1050 2734
1051 5719
1052 3715
1053 10409
1054 2823
1055 -5308
1056 4896
1057 -748
1058 -6573
1059 1614
1060 3162
1061 506
1062 -3889
1063 1944
1064 5477
1065 2630
1066 1198
1067 -1280
1068 -3277
1069 6203
1070 6471
1071 -4376
1072 11734
1073 148
1074 -2295
1075 -7875
1076 -1488
1077 -5546
1078 -3031
1079 8147
1080 5934
1081 3807
1082 7430
1083 -13056
1084 -1208
1085 4287
1086 3206
1087 -10667
1088 -2309
1089 7902
1090 -3964
1091 2045
1092 -3711
1093 -10694
1094 3634
1095 6316
1096 8057
1097 -9188
1098 -7885
1099 -6624
1100 3980
1101 -4526
1102 3753
1103 -9081
1104 -4545
1105 1838
1106 5251
1107 -5602
1108 -9671
1109 380
1110 -7489
1111 202
1112 6350
1113 1614
1114 -15145
1115 -2099
1116 5375
1117 9852
1118 1286
1119 830
1120 7903
1121 -8034
1122 5169
1123 7989
1124 6930
1125 1309
1126 319
1127 -995
1128 9477
1129 -6484
1130 -492
1131 1174
1132 6043
1133 -3104
1134 7162
1135 3598
1136 -7277
1137 -1373
1138 8235
1139 1784
1140 2510
1141 1682
1142 -3452
1143 648
1144 -2465
1145 3736
1146 6346
1147 5347
1148 1527
1149 8610
1150 -15176
1151 1072
1152 5740
1153 -7065
1154 -12256
1155 3606
1156 3930
1157 2512
1158 3592
1159 -7164
1160 -3667
1161 -1372
1162 -4209
1163 2448
1164 12815
1165 -4768
1166 6392
1167 -6299
1168 7601
1169 -5156
1170 3742
1171 -5939
1172 2221
1173 -928
1174 624
1175 18224
1176 -6175
1177 1023
1178 17626
1179 -7502
1180 1645
1181 -6523
1182 7033
1183 -804
1184 5098
1185 -760
1186 -625
1187 7525
1188 -12325
1189 -7837
1190 89
1191 -4326
1192 -3003
1193 -7627
1194 -5948
1195 -1928
1196 -2368
1197 -2914
1198 -2956
1199 -7641
1200 11571
1201 -4971
1202 10718
1203 -5093
1204 -6283
1205 -1124
1206 7164
1207 3952
1208 1021
1209 3205
1210 3315
1211 -10968
1212 -867
1213 -9385
1214 -5763
1215 4243
1216 4949
1217 11702
1218 2488
1219 -13887
1220 12432
1221 6060
1222 -5339
1223 -1524
1224 9346
1225 5975
1226 -1851
1227 -474
1228 2794
1229 -1228
1230 -2227
1231 8370
1232 -2287
1233 3839
1234 -5362
1235 -5814
1236 2629
1237 -695
1238 5428
1239 655
1240 4855
1241 -10110
1242 -2390
1243 1928
1244 -4346
1245 4041
1246 6410
1247 -2063
1248 8544
1249 8606
1250 -237
1251 7064
1252 7123
1253 3726
1254 5351
1255 558
1256 -2318
1257 -1675
1258 -571
1259 -840
1260 11242
1261 -439
1262 13769
1263 -6476
1264 3630
1265 9099
1266 16994
1267 3955
1268 -5978
1269 2061
1270 -8770
1271 2772
1272 492
1273 6433
1274 5237
1275 -123
1276 7667
1277 -2417
1278 3431
1279 9875
1280 1781
1281 -3745
1282 -2913
1283 8215
1284 8274
1285 7805
1286 -2522
1287 2506
1288 -2307
1289 12031
1290 -5263
1291 -7123
1292 13409
1293 3425
1294 4193
1295 -3992
1296 3855
1297 -1834
1298 -6207
1299 -393
1300 -1852
1301 2432
1302 -6413
1303 5648
1304 8644
1305 -3251
1306 1928
1307 7096
1308 4900
1309 -1628
1310 2043
1311 192
1312 2039
1313 1536
1314 10388
1315 1625
1316 -6940
1317 4071
1318 -1656
1319 243
1320 -4065
1321 -8820
1322 -2885
1323 -1623
1324 -1777
1325 432
1326 759
1327 -2623
1328 -720
1329 1843
1330 3167
1331 7264
1332 3888
1333 -3566
1334 4233
1335 2823
1336 -9020
1337 -14719
1338 -11708
1339 -786
1340 -4654
1341 -3867
1342 78
1343 -3913
1344 -1099
1345 3036
1346 3708
1347 14854
1348 1847
1349 2184
1350 -2077
1351 -1552
1352 -367
1353 -9103
1354 -2135
1355 3082
1356 -2473
1357 3250
1358 3722
1359 4605
1360 5664
1361 -11216
1362 -1816
1363 3454
1364 3644
1365 1014
1366 -609
1367 7502
1368 4235
1369 -2753
1370 -3659
1371 -5659
1372 4840
1373 4349
1374 3842
1375 -1996
1376 -1652
1377 3807
1378 -525
1379 -9813
1380 5421
1381 7318
1382 -1854
1383 6611
1384 1076
1385 2283
1386 -161
1387 -4191
1388 221
1389 3149
1390 -4632
1391 2995
1392 12439
1393 4678
1394 3800
1395 -5671
1396 -2721
1397 3745
1398 518
1399 -12050
1400 -9159
1401 6267
1402 -7409
1403 11938
1404 -13208
1405 4575
1406 -703
1407 -4277
1408 1537
1409 -4799
1410 7509
1411 -842
1412 -7577
1413 -14221
1414 -1840
1415 6288
1416 2874
1417 -1192
1418 3608
1419 -6020
1420 9135
1421 -5412
1422 -2228
1423 -2107
1424 5446
1425 -9202
1426 5451
1427 314
1428 13827
1429 6420
1430 1211
1431 -4082
1432 -10993
1433 1647
1434 -1394
1435 2792
1436 -5031
1437 8617
1438 -381
1439 -4721
1440 3478
1441 144
1442 -1103
1443 15723
1444 3947
1445 -2983
1446 353
1447 118
1448 5070
1449 3203
1450 -6889
1451 -4501
1452 2988
1453 9772
1454 -4965
1455 -4020
1456 220
1457 -2349
1458 -2109
1459 -2207
1460 1659
1461 -1907
1462 -2806
1463 -8781
1464 -4070
1465 -11946
1466 -1069
1467 -5200
1468 -4589
1469 -1618
1470 -5973
1471 -713
1472 1954
1473 -4644
1474 5896
1475 -6466
1476 804
1477 -11236
1478 -442
1479 -6341
1480 -2761
1481 -2648
1482 -8366
1483 -13621
1484 5366
1485 10676
1486 9460
1487 133
1488 2337
1489 -2248
1490 1533
1491 -5522
1492 -13411
1493 1011
1494 -4675
1495 -10039
1496 14046
1497 -5874
1498 -48
1499 10601
1500 -5756
1501 494
1502 1335
1503 3638
1504 19
1505 -4916
1506 9209
1507 -2533
1508 -4356
1509 2991
1510 5448
1511 -2954
1512 3341
1513 1234
1514 3782
1515 3546
1516 1619
1517 -5282
1518 7350
1519 1996
1520 7869
1521 -11366
1522 -2801
1523 7747
1524 3574
1525 -5485
1526 -8884
1527 -2901
1528 -1480
1529 -700
1530 -5369
1531 2211
1532 -3179
1533 -3115
1534 -7385
1535 -2099
1536 27385
1537 20425
1538 4362
1539 5088
1540 -5450
1541 -2738
1542 -2814
1543 1278
1544 -2266
1545 -122
1546 -452
1547 -5216
1548 692
1549 3598
1550 173
1551 1720
1552 4032
1553 3714
1554 -9197
1555 -1084
1556 -1678
1557 -13254
1558 -7539
1559 797
1560 6231
1561 -5937
1562 -430
1563 -3484
1564 -10169
1565 3461
1566 -4558
1567 4235
1568 7355
1569 2259
1570 10886
1571 6407
1572 -7399
1573 -1221
1574 101
1575 3567
1576 1951
1577 4293
1578 4694
1579 -5507
1580 483
1581 -12058
1582 -7132
1583 7318
1584 -5282
1585 -1078
1586 7674
1587 -1599
1588 -2964
1589 -1115
1590 3696
1591 -5355
1592 -8010
1593 -3619
1594 -3258
1595 -2857
1596 460
1597 -3582
1598 -7908
1599 7201
1600 -10922
1601 2014
1602 3851
1603 -6073
1604 -1254
1605 6804
1606 -3573
1607 -3399
1608 5558
1609 -6082
1610 1601
1611 7822
1612 4703
1613 -1895
1614 -8316
1615 1985
1616 -8621
1617 13223
1618 786
1619 -949
1620 926
1621 -10205
1622 -9617
1623 1059
1624 15084
1625 1465
1626 3074
1627 -1517
1628 3508
1629 6376
1630 -3266
1631 6955
1632 -6039
1633 3516
1634 -1266
1635 -11710
1636 1831
1637 -446
1638 337
1639 6183
1640 8047
1641 3720
1642 -5255
1643 -2217
1644 3918
1645 -5021
1646 -4852
1647 -3882
1648 -2140
1649 8821
1650 2921
1651 1358
1652 -2690
1653 8735
1654 12517
1655 -1843
1656 -1564
1657 -5037
1658 8405
1659 317
1660 3486
1661 -7987
1662 3988
1663 -1563
1664 9869
1665 -7331
1666 -6253
1667 -2002
1668 8063
1669 5025
1670 -7658
1671 -3120
1672 -8280
1673 1307
1674 3477
1675 -8007
1676 -8655
1677 354
1678 1158
1679 -2133
1680 -6774
1681 -5394
1682 6791
1683 -1271
1684 -3953
1685 4227
1686 -3054
1687 5990
1688 3938
1689 3603
1690 -8262
1691 3860
1692 18697
1693 -10316
1694 2340
1695 -2009
1696 -3594
1697 -9816
1698 1642
1699 14688
1700 -2202
1701 2968
1702 -5664
1703 9966
1704 5022
1705 2351
1706 2610
1707 -1769
1708 6862
1709 -1460
1710 -5341
1711 181
1712 9812
1713 -7646
1714 125
1715 3438
1716 -11555
1717 6023
1718 2800
1719 1952
1720 -5045
1721 1579
1722 615
1723 4722
1724 2872
1725 234
1726 8237
1727 -3639
1728 -1047
1729 -1847
1730 2323
1731 -1680
1732 6619
1733 -496
1734 15602
1735 -10899
1736 -2135
1737 1041
1738 -2868
1739 8264
1740 1491
1741 1477
1742 -1906
1743 3679
1744 -3126
1745 2959
1746 -10852
1747 -2311
1748 -4623
1749 -870
1750 -1971
1751 -10393
1752 -363
1753 -6599
1754 -14174
1755 -7
1756 5626
1757 -2055
1758 964
1759 -4479
1760 10639
1761 954
1762 5784
1763 -1177
1764 2914
1765 9404
1766 4245
1767 -1058
1768 5398
1769 8773
1770 1575
1771 -1872
1772 3975
1773 835
1774 427
1775 -3880
1776 7121
1777 5338
1778 1006
1779 616
1780 -9570
1781 -8913
1782 -8076
1783 -3795
1784 -598
1785 -11932
1786 9759
1787 4119
1788 -7481
1789 -4600
1790 729
1791 -8430
1792 -4354
1793 6071
1794 1381
1795 957
1796 -2374
1797 -1012
1798 -13184
1799 1774
1800 1962
1801 2929
1802 5264
1803 6394
1804 -2265
1805 -4886
1806 -3457
1807 826
1808 5077
1809 -2256
1810 -4891
1811 1705
1812 10430
1813 -10085
1814 -756
1815 2854
1816 -2347
1817 4288
1818 -500
1819 -3744
1820 1456
1821 4404
1822 -2823
1823 2976
1824 -4454
1825 -4365
1826 -18963
1827 4836
1828 -8269
1829 -2996
1830 8861
1831 99
1832 -2803
1833 -2365
1834 -2555
1835 514
1836 -4950
1837 3281
1838 1843
1839 -7866
1840 4726
1841 1595
1842 -5128
1843 -6565
1844 3262
1845 6146
1846 -1495
1847 1119
1848 -4183
1849 6162
1850 -4193
1851 -2703
1852 -9604
1853 5276
1854 1541
1855 7590
1856 7078
1857 -6745
1858 4099
1859 -2292
1860 8350
1861 6171
1862 3318
1863 -2112
1864 -925
1865 229
1866 17660
1867 7853
1868 14058
1869 3497
1870 -416
1871 4071
1872 -2202
1873 6115
1874 -5586
1875 -6619
1876 5333
1877 -11544
1878 -10896
1879 -1230
1880 -6455
1881 -3181
1882 -2751
1883 -3543
1884 1895
1885 -1463
1886 -8838
1887 -1650
1888 -10968
1889 -1258
1890 3971
1891 -4874
1892 1729
1893 5290
1894 6990
1895 6322
1896 -676
1897 -7822
1898 -921
1899 -663
1900 8702
1901 4953
1902 -204
1903 -3686
1904 4833
1905 -3225
1906 -2738
1907 -5054
1908 2121
1909 2777
1910 2076
1911 9382
1912 -5135
1913 603
1914 -5305
1915 1871
1916 2702
1917 9603
1918 4732
1919 4290
1920 1204
1921 -3738
1922 -11452
1923 847
1924 -12301
1925 3981
1926 6310
1927 54
1928 -1393
1929 1726
1930 7202
1931 7574
1932 -359
1933 1360
1934 -7564
1935 3996
1936 3832
1937 1379
1938 -10769
1939 4935
1940 -2903
1941 -2160
1942 -498
1943 -980
1944 2358
1945 4150
1946 9767
1947 -3558
1948 -8744
1949 -7621
1950 -3969
1951 -2923
1952 3674
1953 -11718
1954 -2318
1955 -5356
1956 9217
1957 -5900
1958 -526
1959 -2772
1960 -4132
1961 -212
1962 -1923
1963 -2493
1964 8160
1965 5391
1966 8271
1967 -1234
1968 10435
1969 -11965
1970 3047
1971 1123
1972 -4636
1973 2907
1974 4583
1975 6036
1976 2316
1977 6333
1978 -7806
1979 -6308
1980 1001
1981 695
1982 2435
1983 -4864
1984 -2245
1985 16704
1986 -2200
1987 11491
1988 4911
1989 -2175
1990 -1705
1991 -2462
1992 7085
1993 5629
1994 -12159
1995 14894
1996 6340
1997 -4749
1998 688
1999 -300
2000 -28
2001 5450
2002 6414
2003 -3213
2004 751
2005 3241
2006 1314
2007 4843
2008 -4160
2009 2137
2010 2020
2011 6825
2012 -10105
2013 -66
2014 -1003
2015 -11446
2016 8961
2017 13931
2018 -1977
2019 49
2020 -522
2021 4169
2022 -3960
2023 -195
2024 9148
2025 -6243
2026 -4256
2027 4163
2028 -393
2029 3734
2030 8538
2031 -3506
2032 -3378
2033 4261
2034 -1792
2035 10002
2036 6591
2037 4168
2038 3603
2039 4036
2040 4714
2041 -326
2042 -432
2043 12375
2044 2207
2045 2599
2046 2206
2047 3423
