HAL_FMAC_FilterPreload : aInputValues1
0 0
1 5276
2 -1548
3 13844
4 7
5 17551
6 5802
7 16142
8 14198
9 12009
10 21624
11 8678
12 24576
13 8672
14 21611
15 11990
16 14172
17 16111
18 5765
19 17510
20 -37
21 13797
22 -1598
23 5225
24 -51
25 -5327
26 1498
27 -13892
28 -52
29 -17592
30 -5838
31 -16174
32 -14223
33 -12029
34 -21637
35 -8685
36 -24576
37 -8665
38 -21597
39 -11970
40 -14146
41 -16080
42 -5729
43 -17469
44 82
45 -13749
46 1647
47 -5174
48 103
49 5378
50 -1449
51 13939
52 96
53 17632
54 5874
55 16205
56 14249
57 12048
58 21650
59 8691
60 24575
61 8658
62 21583
63 11950
64 14120
65 16048
66 5692
67 17428
68 -127
69 13701
70 -1697
71 5122
72 -154
73 -5429
74 1399
75 -13987
76 -141
77 -17673
78 -5910
79 -16236
80 -14274
81 -12068
82 -21663
83 -8698
84 -24575
85 -8651
86 -21570
87 -11930
88 -14094
89 -16016
90 -5655
91 -17387
92 171
93 -13654
94 1747
95 -5071
96 206
97 5480
98 -1349
99 14034
HAL_FMAC_AppendFilterData : aInputValues2
0 185
1 17713
2 5946
3 16267
4 14299
5 12087
6 21676
7 8704
8 24574
9 8643
10 21556
11 11909
12 14067
13 15984
14 5618
15 17346
16 -216
17 13606
18 -1797
19 5020
20 -257
21 -5530
22 1300
23 -14081
24 -229
25 -17754
26 -5982
27 -16297
28 -14324
29 -12106
30 -21688
31 -8710
32 -24574
33 -8636
34 -21542
35 -11889
36 -14041
37 -15952
38 -5581
39 -17304
40 261
41 -13558
42 1847
43 -4969
44 309
45 5581
46 -1250
47 14128
48 273
49 17794
50 6018
51 16328
52 14349
53 12124
54 21701
55 8715
56 24573
57 8628
58 21527
59 11868
60 14014
61 15920
62 5544
63 17263
64 -306
65 13510
66 -1897
67 4918
68 -360
69 -5632
70 1201
71 -14176
72 -317
73 -17834
74 -6053
75 -16358
76 -14374
77 -12143
78 -21713
79 -8721
80 -24571
81 -8620
82 -21513
83 -11847
84 -13988
85 -15888
86 -5507
87 -17221
88 352
89 -13462
90 1947
91 -4867
92 412
93 5683
94 -1152
95 14223
96 361
97 17874
98 6089
99 16389
100 14399
101 12162
102 21725
103 8726
104 24570
105 8612
106 21498
107 11826
108 13961
109 15856
110 5470
111 17180
112 -397
113 13414
114 -1997
115 4816
116 -463
117 -5734
118 1102
119 -14270
HAL_FMAC_AppendFilterData : aInputValues3
0 -405
1 -17914
2 -6124
3 -16419
4 -14423
5 -12180
6 -21737
7 -8732
8 -24569
9 -8604
10 -21484
11 -11805
12 -13934
13 -15823
14 -5432
15 -17138
16 442
17 -13366
18 2047
19 -4764
20 515
21 5785
22 -1053
23 14317
24 449
25 17954
26 6160
27 16449
28 14447
29 12198
30 21749
31 8737
32 24567
33 8596
34 21469
35 11784
36 13907
37 15790
38 5395
39 17096
40 -488
41 13318
42 -2097
43 4713
44 -566
45 -5836
46 1004
47 -14363
48 -493
49 -17994
50 -6195
51 -16479
52 -14472
53 -12216
54 -21760
55 -8742
56 -24565
57 -8587
58 -21454
59 -11763
60 -13879
61 -15758
62 -5357
63 -17054
64 533
65 -13269
66 2147
67 -4662
68 618
69 5886
70 -955
71 14410
72 536
73 18033
74 6230
75 16509
76 14496
77 12234
78 21772
79 8747
80 24563
81 8579
82 21438
83 11741
84 13852
85 15725
86 5319
87 17012
88 -579
89 13221
90 -2198
91 4611
92 -669
93 -5937
94 905
95 -14457
96 -580
97 -18073
98 -6265
99 -16538
100 -14520
101 -12252
102 -21783
103 -8751
104 -24561
105 -8570
106 -21423
107 -11720
108 -13824
109 -15692
HAL_FMAC_AppendFilterData : aInputValues4
0 -5282
1 -16970
2 624
3 -13173
4 2248
5 -4559
6 720
7 5988
8 -856
9 14504
10 623
11 18112
12 6299
13 16568
14 14543
15 12270
16 21794
17 8756
18 24559
19 8561
20 21408
21 11698
22 13797
23 15659
24 5244
25 16928
26 -670
27 13124
28 -2298
29 4508
30 -772
31 -6038
32 807
33 -14550
34 -667
35 -18152
36 -6334
37 -16597
38 -14567
39 -12287
40 -21805
41 -8760
42 -24557
43 -8552
44 -21392
45 -11676
46 -13769
47 -15625
48 -5205
49 -16886
50 716
51 -13076
52 2348
53 -4457
54 823
55 6089
56 -758
57 14597
58 710
59 18191
60 6369
61 16626
62 14590
63 12304
64 21816
65 8764
66 24554
67 8542
68 21376
69 11654
70 13741
71 15592
72 5167
73 16843
74 -761
75 13027
76 -2399
77 4405
78 -875
79 -6140
80 709
81 -14643
82 -753
83 -18230
84 -6403
85 -16656
86 -14614
87 -12321
88 -21827
89 -8768
90 -24551
91 -8533
92 -21360
93 -11632
94 -13713
95 -15559
96 -5129
97 -16801
98 807
99 -12979
100 2449
101 -4354
102 926
103 6190
104 -660
105 14690
106 796
107 18269
108 6437
109 16685
110 14637
111 12338
112 21837
113 8772
114 24548
115 8523
116 21344
117 11609
118 13684
119 15525
120 5090
121 16758
122 -853
123 12930
124 -2500
125 4303
126 -977
127 -6241
128 612
129 -14736
130 -839
131 -18308
132 -6472
133 -16713
134 -14660
135 -12355
136 -21847
137 -8776
138 -24545
139 -8514
140 -21328
141 -11587
142 -13656
143 -15491
144 -5052
145 -16715
146 899
147 -12882
148 2550
149 -4251
150 1029
151 6291
152 -563
153 14782
154 882
155 18347
156 6506
157 16742
158 14683
159 12372
160 21858
161 8779
162 24542
163 8504
164 21311
165 11564
166 13628
167 15457
168 5013
169 16673
170 -946
171 12833
172 -2600
173 4200
174 -1080
175 -6342
176 514
177 -14828
178 -925
179 -18386
180 -6540
181 -16771
aCalculatedFilteredData1
0 9072
1 13464
2 17534
3 21402
4 24813
5 27867
6 30406
7 32424
8 32767
9 32767
10 32767
11 32767
12 32767
13 32382
14 30351
15 27800
16 24734
17 21315
18 17439
19 13362
20 8966
21 4485
22 -110
23 -4704
24 -9180
25 -13567
26 -17631
27 -21491
28 -24892
29 -27935
30 -30462
31 -32467
32 -32768
33 -32768
34 -32768
35 -32768
36 -32768
37 -32340
38 -30297
39 -27734
40 -24658
41 -21228
42 -17344
43 -13261
44 -8861
45 -4377
46 220
47 4812
48 9284
49 13667
50 17724
51 21576
52 24968
53 28001
54 30516
55 32507
56 32767
57 32767
58 32767
59 32767
60 32767
61 32296
62 30240
63 27665
64 24578
65 21139
66 17247
67 13158
68 8752
69 4266
70 -331
71 -4923
72 -9392
73 -13770
74 -17821
75 -21665
76 -25046
77 -28068
78 -30571
79 -32550
80 -32768
81 -32768
82 -32768
83 -32768
84 -32768
85 -32255
86 -30185
87 -27598
88 -24500
89 -21052
90 -17153
91 -13057
92 -8647
93 -4157
94 441
95 5031
96 9498
97 13871
98 17915
99 21750
100 25122
101 28133
102 30624
103 32590
104 32767
105 32767
106 32767
107 32767
108 32767
109 32209
110 30127
111 27528
112 24420
113 20963
114 17056
115 12954
116 8539
117 4047
118 -551
119 -5140
120 -9604
121 -13972
122 -18010
123 -21838
124 -25200
125 -28199
126 -30678
127 -32631
128 -32768
129 -32768
130 -32768
131 -32768
132 -32768
133 -32167
134 -30072
135 -27461
136 -24341
137 -20875
138 -16960
139 -12852
140 -8433
141 -3938
142 661
143 5249
144 9709
145 14072
146 18103
147 21923
148 25276
149 28264
150 30731
151 32670
152 32767
153 32767
154 32767
155 32767
156 32767
157 32121
158 30013
159 27391
160 24261
161 20786
162 16863
163 12748
164 8325
165 3828
166 -772
167 -5359
168 -9816
169 -14175
170 -18199
171 -22010
172 -25352
173 -28330
174 -30785
175 -32711
176 -32768
177 -32768
178 -32768
179 -32768
180 -32768
181 -32078
182 -29958
183 -27323
184 -24183
185 -20697
186 -16766
187 -12646
188 -8219
189 -3719
190 881
191 5467
192 9921
193 14274
194 18292
195 22095
196 25428
197 28395
198 30837
199 32751
200 32767
201 32767
202 32767
203 32767
204 32767
205 32032
206 29899
207 27253
208 24102
209 20608
210 16669
211 12542
212 8111
213 3609
214 -992
215 -5577
216 -10028
217 -14376
218 -18387
219 -22181
220 -25504
221 -28460
222 -30890
223 -32768
224 -32768
225 -32768
226 -32768
227 -32768
228 -32768
229 -31988
230 -29842
231 -27184
232 -24023
233 -20519
234 -16573
235 -12441
236 -8004
237 -3500
238 1102
239 5685
240 10132
241 14476
242 18480
243 22266
244 25580
245 28524
246 30941
247 32767
248 32767
249 32767
250 32767
251 32767
252 32767
253 31942
254 29783
255 27113
256 23941
257 20428
258 16474
aCalculatedFilteredData2
0 12336
1 7896
2 3389
3 -1213
4 -5794
5 -10238
6 -14577
7 -18575
8 -22352
9 -25656
10 -28589
11 -30994
12 -32768
13 -32768
14 -32768
15 -32768
16 -32768
17 -32768
18 -31897
19 -29725
20 -27044
21 -23862
22 -20339
23 -16378
24 -12234
25 -7789
26 -3281
27 1322
28 5902
29 10342
30 14675
31 18666
32 22436
33 25730
34 28652
35 31045
36 32767
37 32767
38 32767
39 32767
40 32767
41 32767
42 31850
43 29666
44 26973
45 23779
46 20248
47 16279
48 12129
49 7680
50 3170
51 -1433
52 -6012
53 -10450
54 -14778
55 -18762
56 -22522
57 -25805
58 -28716
59 -31097
60 -32768
61 -32768
62 -32768
63 -32768
64 -32768
65 -32768
66 -31805
67 -29608
68 -26903
69 -23700
70 -20160
71 -16183
72 -12027
73 -7574
74 -3061
75 1542
76 6119
77 10554
78 14876
79 18853
80 22604
81 25878
82 28778
83 31147
84 32767
85 32767
86 32767
87 32767
88 32767
89 32767
90 31758
91 29548
92 26832
93 23618
94 20068
95 16084
96 11922
97 7465
98 2950
99 -1653
100 -6229
101 -10659
102 -14977
103 -18947
104 -22691
105 -25954
106 -28842
107 -31198
108 -32768
109 -32768
110 -32768
111 -32768
112 -32768
113 -32768
114 -31711
115 -29489
116 -26761
117 -23536
118 -19978
119 -15987
120 -11820
121 -7359
122 -2842
123 1762
124 6336
125 10764
126 15076
127 19039
128 22774
129 26027
130 28903
131 31247
132 32767
133 32767
134 32767
135 32767
136 32767
137 32767
138 31663
139 29428
140 26688
141 23454
142 19887
143 15888
144 11714
145 7249
146 2729
147 -1874
148 -6446
149 -10870
150 -15176
151 -19132
152 -22858
153 -26102
154 -28968
155 -31299
156 -32768
157 -32768
158 -32768
159 -32768
160 -32768
161 -32768
162 -31617
163 -29369
164 -26618
165 -23373
166 -19797
167 -15791
168 -11612
169 -7143
170 -2621
171 1983
172 6553
173 10973
174 15275
175 19223
176 22940
177 26174
178 29028
179 31347
180 32767
181 32767
182 32767
183 32767
184 32767
185 32767
186 31567
187 29307
188 26544
189 23289
190 19704
191 15691
192 11506
193 7034
194 2511
195 -2093
196 -6662
197 -11078
198 -15374
199 -19316
200 -23025
201 -26248
202 -29091
203 -31397
204 -32768
205 -32768
206 -32768
207 -32768
208 -32768
209 -32768
210 -31520
211 -29247
212 -26473
213 -23208
214 -19614
215 -15594
216 -11404
217 -6927
218 -2401
219 2203
220 6769
221 11182
222 15472
223 19407
224 23107
225 26321
226 29152
227 31446
228 32767
229 32767
230 32767
231 32767
232 32767
233 32767
234 31470
235 29185
236 26400
237 23124
238 19521
239 15493
240 11298
241 6818
242 2291
243 -2314
244 -6878
245 -11287
246 -15573
247 -19500
248 -23192
