New aInputValues1
0 16383
1 19021
2 15609
3 23305
4 16386
5 25158
6 19284
7 24454
8 23482
9 22387
10 27195
11 20722
12 28671
13 20719
14 27188
15 22378
16 23469
17 24438
18 19265
19 25138
20 16364
21 23281
22 15584
23 18995
24 16357
25 13719
26 17132
27 9437
28 16357
29 7587
30 13464
31 8296
32 9271
33 10368
34 5564
35 12040
36 4095
37 12050
38 5584
39 10398
40 9310
41 8343
42 13518
43 7648
44 16424
45 9508
46 17206
47 13796
48 16434
49 19072
50 15658
51 23352
52 16431
53 25199
54 19320
55 24485
56 23507
57 22407
58 27208
59 20728
60 28670
61 20712
62 27174
63 22358
64 23443
65 24407
66 19229
67 25097
68 16319
69 23233
70 15534
71 18944
72 16306
73 13668
74 17082
75 9389
76 16312
77 7546
78 13428
79 8265
80 9246
81 10349
82 5551
83 12034
84 4095
85 12057
86 5598
87 10418
88 9336
89 8375
90 13555
91 7689
92 16468
93 9556
94 17256
95 13847
96 16486
97 19123
98 15708
99 23400
New aInputValues2
0 16475
1 25239
2 19356
3 24516
4 23532
5 22426
6 27221
7 20735
8 28670
9 20704
10 27161
11 22337
12 23416
13 24375
14 19192
15 25056
16 16275
17 23186
18 15484
19 18893
20 16254
21 13618
22 17033
23 9342
24 16268
25 7506
26 13392
27 8234
28 9221
29 10330
30 5539
31 12028
32 4096
33 12065
34 5612
35 10438
36 9362
37 8407
38 13592
39 7731
40 16513
41 9604
42 17306
43 13898
44 16537
45 19173
46 15758
47 23447
48 16519
49 25280
50 19392
51 24547
52 23557
53 22445
54 27233
55 20740
56 28669
57 20697
58 27146
59 22317
60 23390
61 24343
62 19155
63 25014
64 16230
65 23138
66 15434
67 18842
68 16203
69 13567
70 16983
71 9295
72 16224
73 7466
74 13356
75 8204
76 9196
77 10311
78 5526
79 12022
80 4097
81 12073
82 5626
83 10459
84 9389
85 8439
86 13629
87 7772
88 16559
89 9652
90 17356
91 13949
92 16589
93 19224
94 15807
95 23494
96 16563
97 25320
98 19427
99 24577
100 23582
101 22464
102 27245
103 20746
104 28668
105 20689
106 27132
107 22296
108 23363
109 24311
110 19118
111 24973
112 16184
113 23090
114 15384
115 18791
116 16151
117 13516
118 16934
119 9248
aCalculatedFilteredData1
0 19963
1 21060
2 22078
3 23045
4 23898
5 24661
6 25296
7 25800
8 26175
9 26387
10 26473
11 26384
12 26168
13 25790
14 25282
15 24644
16 23878
17 23023
18 22054
19 21035
20 19936
21 18815
22 17666
23 16518
24 15399
25 14303
26 13287
27 12322
28 11472
29 10711
30 10079
31 9577
32 9206
33 8997
34 8915
35 9008
36 9227
37 9609
38 10120
39 10761
40 11530
41 12387
42 13358
43 14379
44 15479
45 16600
46 17749
47 18897
48 20015
49 21111
50 22125
51 23089
52 23936
53 24694
54 25323
55 25821
56 26189
57 26394
58 26472
59 26376
60 26153
61 25768
62 25254
63 24611
64 23839
65 22979
66 22006
67 20983
68 19882
69 18761
70 17612
71 16463
72 15346
73 14251
74 13239
75 12278
76 11433
77 10677
78 10052
79 9557
80 9192
81 8991
82 8916
83 9016
84 9242
85 9631
86 10148
87 10795
88 11569
89 12431
90 13406
91 14430
92 15532
93 16655
94 17805
95 18952
96 20069
97 21162
98 22173
99 23132
100 23975
101 24727
102 25350
103 25842
104 26203
105 26401
106 26472
107 26368
108 26138
109 25746
110 25226
111 24576
112 23799
113 22935
114 21958
115 20933
116 19829
117 18706
118 17556
119 16409
120 15293
121 14201
122 13192
123 12235
124 11394
125 10644
126 10025
127 9537
128 9179
129 8985
130 8917
131 9024
132 9257
133 9652
134 10176
135 10829
136 11609
137 12476
138 13454
139 14481
140 15586
141 16709
142 17859
143 19006
144 20122
145 21212
146 22220
147 23175
148 24013
149 24760
150 25377
151 25862
152 26216
153 26407
154 26471
155 26360
156 26123
157 25725
158 25198
159 24542
160 23760
161 22891
162 21910
163 20881
164 19776
165 18651
166 17502
167 16355
168 15240
169 14151
170 13145
171 12192
172 11356
173 10612
174 9998
175 9516
176 9165
177 8978
178 8918
179 9032
180 9273
181 9675
182 10205
183 10864
184 11649
185 12520
186 13503
187 14533
188 15640
189 16764
190 17915
191 19061
192 20174
193 21263
194 22267
195 23218
196 24051
197 24793
198 25403
199 25882
200 26229
201 26413
202 26470
203 26352
204 26108
205 25702
206 25169
207 24508
208 23720
209 22846
210 21861
211 20830
212 19722
213 18597
214 17446
215 16300
216 0
217 0
218 0
219 0
220 0
221 0
222 0
223 0
224 0
225 0
226 0
227 0
228 0
229 0
230 0
231 0
232 0
233 0
234 0
235 0
236 0
237 0
238 0
239 0
240 0
241 0
242 0
243 0
244 0
245 0
246 0
247 0
248 0
249 0
250 0
251 0
252 0
253 0
254 0
255 0
256 0
257 0
258 0
aCalculatedFilteredData2
0 0
1 0
2 0
3 0
4 0
5 0
6 0
7 0
8 0
9 0
10 0
11 0
12 0
13 0
14 0
15 0
16 0
17 0
18 0
19 0
20 0
21 0
22 0
23 0
24 0
25 0
26 0
27 0
28 0
29 0
30 0
31 0
32 0
33 0
34 0
35 0
36 0
37 0
38 0
39 0
40 0
41 0
42 0
43 0
44 0
45 0
46 0
47 0
48 0
49 0
50 0
51 0
52 0
53 0
54 0
55 0
56 0
57 0
58 0
59 0
60 0
61 0
62 0
63 0
64 0
65 0
66 0
67 0
68 0
69 0
70 0
71 0
72 0
73 0
74 0
75 0
76 0
77 0
78 0
79 0
80 0
81 0
82 0
83 0
84 0
85 0
86 0
87 0
88 0
89 0
90 0
91 0
92 0
93 0
94 0
95 0
96 0
97 0
98 0
99 0
100 0
101 0
102 0
103 0
104 0
105 0
106 0
107 0
108 0
109 0
110 0
111 0
112 0
113 0
114 0
115 0
116 0
117 0
118 0
119 0
120 0
121 0
122 0
123 0
124 0
125 0
126 0
127 0
128 0
129 0
130 0
131 0
132 0
133 0
134 0
135 0
136 0
137 0
138 0
139 0
140 0
141 0
142 0
143 0
144 0
145 0
146 0
147 0
148 0
149 0
150 0
151 0
152 0
153 0
154 0
155 0
156 0
157 0
158 0
159 0
160 0
161 0
162 0
163 0
164 0
165 0
166 0
167 0
168 0
169 0
170 0
171 0
172 0
173 0
174 0
175 0
176 0
177 0
178 0
179 0
180 0
181 0
182 0
183 0
184 0
185 0
186 0
187 0
188 0
189 0
190 0
191 0
192 0
193 0
194 0
195 0
196 0
197 0
198 0
199 0
200 0
201 0
202 0
203 0
204 0
205 0
206 0
207 0
208 0
209 0
210 0
211 0
212 0
213 0
214 0
215 0
216 0
217 0
218 0
219 0
220 0
221 0
222 0
223 0
224 0
225 0
226 0
227 0
228 0
229 0
230 0
231 0
232 0
233 0
234 0
235 0
236 0
237 0
238 0
239 0
240 0
241 0
242 0
243 0
244 0
245 0
246 0
247 0
248 0
