New aInputValues1
0 16383
1 19021
2 15609
3 23305
4 16386
5 25158
6 19284
7 24454
8 23482
9 22387
10 27195
11 20722
12 28671
13 20719
14 27188
15 22378
16 23469
17 24438
18 19265
19 25138
20 16364
21 23281
22 15584
23 18995
24 16357
25 13719
26 17132
27 9437
28 16357
29 7587
30 13464
31 8296
32 9271
33 10368
34 5564
35 12040
36 4095
37 12050
38 5584
39 10398
40 9310
41 8343
42 13518
43 7648
44 16424
45 9508
46 17206
47 13796
48 16434
49 19072
50 15658
51 23352
52 16431
53 25199
54 19320
55 24485
56 23507
57 22407
58 27208
59 20728
60 28670
61 20712
62 27174
63 22358
64 23443
65 24407
66 19229
67 25097
68 16319
69 23233
70 15534
71 18944
72 16306
73 13668
74 17082
75 9389
76 16312
77 7546
78 13428
79 8265
80 9246
81 10349
82 5551
83 12034
84 4095
85 12057
86 5598
87 10418
88 9336
89 8375
90 13555
91 7689
92 16468
93 9556
94 17256
95 13847
96 16486
97 19123
98 15708
99 23400
New aInputValues2
0 16475
1 25239
2 19356
3 24516
4 23532
5 22426
6 27221
7 20735
8 28670
9 20704
10 27161
11 22337
12 23416
13 24375
14 19192
15 25056
16 16275
17 23186
18 15484
19 18893
20 16254
21 13618
22 17033
23 9342
24 16268
25 7506
26 13392
27 8234
28 9221
29 10330
30 5539
31 12028
32 4096
33 12065
34 5612
35 10438
36 9362
37 8407
38 13592
39 7731
40 16513
41 9604
42 17306
43 13898
44 16537
45 19173
46 15758
47 23447
48 16519
49 25280
50 19392
51 24547
52 23557
53 22445
54 27233
55 20740
56 28669
57 20697
58 27146
59 22317
60 23390
61 24343
62 19155
63 25014
64 16230
65 23138
66 15434
67 18842
68 16203
69 13567
70 16983
71 9295
72 16224
73 7466
74 13356
75 8204
76 9196
77 10311
78 5526
79 12022
80 4097
81 12073
82 5626
83 10459
84 9389
85 8439
86 13629
87 7772
88 16559
89 9652
90 17356
91 13949
92 16589
93 19224
94 15807
95 23494
96 16563
97 25320
98 19427
99 24577
100 23582
101 22464
102 27245
103 20746
104 28668
105 20689
106 27132
107 22296
108 23363
109 24311
110 19118
111 24973
112 16184
113 23090
114 15384
115 18791
116 16151
117 13516
118 16934
119 9248
aFilterCoeffB
0 4612
1 -12078
2 16028
3 -12078
4 4612
aCalculatedFilteredData1
0 -3354
1 5824
2 -4937
3 5879
4 -3243
5 2889
6 762
7 -1371
8 4752
9 -4389
10 6403
11 -4389
12 4751
13 -1371
14 761
15 2889
16 -3244
17 5879
18 -4938
19 5823
20 -3355
21 2725
22 547
23 -1632
24 4449
25 -4730
26 6032
27 -4785
28 4338
29 -1795
30 333
31 2465
32 -3657
33 5484
34 -5308
35 5484
36 -3657
37 2466
38 334
39 -1794
40 4339
41 -4783
42 6034
43 -4727
44 4451
45 -1629
46 549
47 2728
48 -3353
49 5825
50 -4936
51 5881
52 -3242
53 2891
54 762
55 -1370
56 4752
57 -4389
58 6403
59 -4389
60 4751
61 -1371
62 760
63 2888
64 -3245
65 5878
66 -4940
67 5821
68 -3356
69 2723
70 545
71 -1634
72 4447
73 -4731
74 6030
75 -4787
76 4337
77 -1797
78 332
79 2465
80 -3658
81 5484
82 -5308
83 5484
84 -3656
85 2467
86 335
87 -1793
88 4341
89 -4782
90 6035
91 -4726
92 4452
93 -1628
94 551
95 2729
96 -3352
97 5827
98 -4935
99 5882
100 -3241
101 2892
102 763
103 -1369
104 4753
105 -4389
106 6403
107 -4390
108 4751
109 -1372
110 760
111 2888
112 -3246
113 5877
114 -4941
115 5820
116 -3358
117 2722
118 543
119 -1635
120 4445
121 -4732
122 6029
123 -4788
124 4336
125 -1798
126 332
127 2464
128 -3658
129 5483
130 -5308
131 5485
132 -3656
133 2467
134 336
135 -1792
136 4341
137 -4780
138 6036
139 -4724
140 4454
141 -1626
142 552
143 2730
144 -3350
145 5828
146 -4934
147 5883
148 -3240
149 2893
150 764
151 -1369
152 4753
153 -4389
154 6403
155 -4390
156 4750
157 -1372
158 759
159 2887
160 -3247
161 5875
162 -4942
163 5819
164 -3360
165 2721
166 542
167 -1636
168 4444
169 -4733
170 6027
171 -4789
172 4334
173 -1798
174 331
175 2463
176 -3658
177 5483
178 -5308
179 5485
180 -3656
181 2468
182 336
183 -1791
184 4343
185 -4780
186 6038
187 -4723
188 4455
189 -1625
190 554
191 2732
192 -3348
193 5829
194 -4932
195 5885
196 -3239
197 2894
198 764
199 -1368
200 4753
201 -4388
202 6403
203 -4390
204 4750
205 -1373
206 758
207 2886
208 -3249
209 5874
210 -4944
211 5818
212 -3362
213 2719
214 540
215 -1638
216 0
217 0
218 0
219 0
220 0
221 0
222 0
223 0
224 0
225 0
226 0
227 0
228 0
229 0
230 0
231 0
232 0
233 0
234 0
235 0
236 0
237 0
238 0
239 0
240 0
241 0
242 0
243 0
244 0
245 0
246 0
247 0
248 0
249 0
250 0
251 0
252 0
253 0
254 0
255 0
256 0
257 0
258 0
aCalculatedFilteredData2
0 0
1 0
2 0
3 0
4 0
5 0
6 0
7 0
8 0
9 0
10 0
11 0
12 0
13 0
14 0
15 0
16 0
17 0
18 0
19 0
20 0
21 0
22 0
23 0
24 0
25 0
26 0
27 0
28 0
29 0
30 0
31 0
32 0
33 0
34 0
35 0
36 0
37 0
38 0
39 0
40 0
41 0
42 0
43 0
44 0
45 0
46 0
47 0
48 0
49 0
50 0
51 0
52 0
53 0
54 0
55 0
56 0
57 0
58 0
59 0
60 0
61 0
62 0
63 0
64 0
65 0
66 0
67 0
68 0
69 0
70 0
71 0
72 0
73 0
74 0
75 0
76 0
77 0
78 0
79 0
80 0
81 0
82 0
83 0
84 0
85 0
86 0
87 0
88 0
89 0
90 0
91 0
92 0
93 0
94 0
95 0
96 0
97 0
98 0
99 0
100 0
101 0
102 0
103 0
104 0
105 0
106 0
107 0
108 0
109 0
110 0
111 0
112 0
113 0
114 0
115 0
116 0
117 0
118 0
119 0
120 0
121 0
122 0
123 0
124 0
125 0
126 0
127 0
128 0
129 0
130 0
131 0
132 0
133 0
134 0
135 0
136 0
137 0
138 0
139 0
140 0
141 0
142 0
143 0
144 0
145 0
146 0
147 0
148 0
149 0
150 0
151 0
152 0
153 0
154 0
155 0
156 0
157 0
158 0
159 0
160 0
161 0
162 0
163 0
164 0
165 0
166 0
167 0
168 0
169 0
170 0
171 0
172 0
173 0
174 0
175 0
176 0
177 0
178 0
179 0
180 0
181 0
182 0
183 0
184 0
185 0
186 0
187 0
188 0
189 0
190 0
191 0
192 0
193 0
194 0
195 0
196 0
197 0
198 0
199 0
200 0
201 0
202 0
203 0
204 0
205 0
206 0
207 0
208 0
209 0
210 0
211 0
212 0
213 0
214 0
215 0
216 0
217 0
218 0
219 0
220 0
221 0
222 0
223 0
224 0
225 0
226 0
227 0
228 0
229 0
230 0
231 0
232 0
233 0
234 0
235 0
236 0
237 0
238 0
239 0
240 0
241 0
242 0
243 0
244 0
245 0
246 0
247 0
248 0
