HAL_FMAC_FilterPreload : aInputValues1
0 0
1 5276
2 -1548
3 13844
4 7
5 17551
6 5802
7 16142
8 14198
9 12009
10 21624
11 8678
12 24576
13 8672
14 21611
15 11990
16 14172
17 16111
18 5765
19 17510
20 -37
21 13797
22 -1598
23 5225
24 -51
25 -5327
26 1498
27 -13892
28 -52
29 -17592
30 -5838
31 -16174
32 -14223
33 -12029
34 -21637
35 -8685
36 -24576
37 -8665
38 -21597
39 -11970
40 -14146
41 -16080
42 -5729
43 -17469
44 82
45 -13749
46 1647
47 -5174
48 103
49 5378
50 -1449
51 13939
52 96
53 17632
54 5874
55 16205
56 14249
57 12048
58 21650
59 8691
60 24575
61 8658
62 21583
63 11950
64 14120
65 16048
66 5692
67 17428
68 -127
69 13701
70 -1697
71 5122
72 -154
73 -5429
74 1399
75 -13987
76 -141
77 -17673
78 -5910
79 -16236
80 -14274
81 -12068
82 -21663
83 -8698
84 -24575
85 -8651
86 -21570
87 -11930
88 -14094
89 -16016
90 -5655
91 -17387
92 171
93 -13654
94 1747
95 -5071
96 206
97 5480
98 -1349
99 14034
aCalculatedFilteredData1
0 9072
1 13464
2 17534
3 21402
4 24813
5 27867
6 30406
7 32424
8 32767
9 32767
10 32767
11 32767
12 32767
13 32382
14 30351
15 27800
16 24734
17 21315
18 17439
19 13362
20 8966
21 4485
22 -110
23 -4704
24 -9180
25 -13567
26 -17631
27 -21491
28 -24892
29 -27935
30 -30462
31 -32467
32 -32768
33 -32768
34 -32768
35 -32768
36 -32768
37 -32340
38 -30297
39 -27734
40 -24658
41 -21228
42 -17344
43 -13261
44 -8861
45 -4377
46 220
47 4812
48 9284
49 13667
50 17724
51 21576
52 24968
53 28001
54 30516
55 32507
56 32767
57 32767
58 32767
59 32767
60 32767
61 32296
62 30240
63 27665
64 24578
65 21139
66 17247
67 13158
68 8752
69 4266
70 -331
71 -4923
72 -9392
73 -13770
74 -17821
75 -21665
76 -25046
77 -28068
78 -30571
79 -32550
80 -32768
81 -32768
82 -32768
83 -32768
84 -32768
85 -32255
86 -30185
87 -27598
88 -24500
89 -21052
90 -17153
91 -13057
92 -8647
93 -4157
94 441
95 5031
96 0
97 0
98 0
99 0
100 0
101 0
102 0
103 0
104 0
105 0
106 0
107 0
108 0
109 0
110 0
111 0
112 0
113 0
114 0
115 0
116 0
117 0
118 0
119 0
120 0
121 0
122 0
123 0
124 0
125 0
126 0
127 0
128 0
129 0
130 0
131 0
132 0
133 0
134 0
135 0
136 0
137 0
138 0
139 0
140 0
141 0
142 0
143 0
144 0
145 0
146 0
147 0
148 0
149 0
150 0
151 0
152 0
153 0
154 0
155 0
156 0
157 0
158 0
159 0
160 0
161 0
162 0
163 0
164 0
165 0
166 0
167 0
168 0
169 0
170 0
171 0
172 0
173 0
174 0
175 0
176 0
177 0
178 0
179 0
180 0
181 0
182 0
183 0
184 0
185 0
186 0
187 0
188 0
189 0
190 0
191 0
192 0
193 0
194 0
195 0
196 0
197 0
198 0
199 0
200 0
201 0
202 0
203 0
204 0
205 0
206 0
207 0
208 0
209 0
210 0
211 0
212 0
213 0
214 0
215 0
216 0
217 0
218 0
219 0
220 0
221 0
222 0
223 0
224 0
225 0
226 0
227 0
228 0
229 0
230 0
231 0
232 0
233 0
234 0
235 0
236 0
237 0
238 0
239 0
240 0
241 0
242 0
243 0
244 0
245 0
246 0
247 0
248 0
249 0
250 0
251 0
252 0
253 0
254 0
255 0
256 0
257 0
258 0
aCalculatedFilteredData2
0 0
1 0
2 0
3 0
4 0
5 0
6 0
7 0
8 0
9 0
10 0
11 0
12 0
13 0
14 0
15 0
16 0
17 0
18 0
19 0
20 0
21 0
22 0
23 0
24 0
25 0
26 0
27 0
28 0
29 0
30 0
31 0
32 0
33 0
34 0
35 0
36 0
37 0
38 0
39 0
40 0
41 0
42 0
43 0
44 0
45 0
46 0
47 0
48 0
49 0
50 0
51 0
52 0
53 0
54 0
55 0
56 0
57 0
58 0
59 0
60 0
61 0
62 0
63 0
64 0
65 0
66 0
67 0
68 0
69 0
70 0
71 0
72 0
73 0
74 0
75 0
76 0
77 0
78 0
79 0
80 0
81 0
82 0
83 0
84 0
85 0
86 0
87 0
88 0
89 0
90 0
91 0
92 0
93 0
94 0
95 0
96 0
97 0
98 0
99 0
100 0
101 0
102 0
103 0
104 0
105 0
106 0
107 0
108 0
109 0
110 0
111 0
112 0
113 0
114 0
115 0
116 0
117 0
118 0
119 0
120 0
121 0
122 0
123 0
124 0
125 0
126 0
127 0
128 0
129 0
130 0
131 0
132 0
133 0
134 0
135 0
136 0
137 0
138 0
139 0
140 0
141 0
142 0
143 0
144 0
145 0
146 0
147 0
148 0
149 0
150 0
151 0
152 0
153 0
154 0
155 0
156 0
157 0
158 0
159 0
160 0
161 0
162 0
163 0
164 0
165 0
166 0
167 0
168 0
169 0
170 0
171 0
172 0
173 0
174 0
175 0
176 0
177 0
178 0
179 0
180 0
181 0
182 0
183 0
184 0
185 0
186 0
187 0
188 0
189 0
190 0
191 0
192 0
193 0
194 0
195 0
196 0
197 0
198 0
199 0
200 0
201 0
202 0
203 0
204 0
205 0
206 0
207 0
208 0
209 0
210 0
211 0
212 0
213 0
214 0
215 0
216 0
217 0
218 0
219 0
220 0
221 0
222 0
223 0
224 0
225 0
226 0
227 0
228 0
229 0
230 0
231 0
232 0
233 0
234 0
235 0
236 0
237 0
238 0
239 0
240 0
241 0
242 0
243 0
244 0
245 0
246 0
247 0
248 0
