Sine1k_15k
0 1861
1 2597
2 1744
3 2099
4 3102
5 2379
6 2300
7 3419
8 2936
9 2435
10 3499
11 3329
12 2482
13 3329
14 3499
15 2435
16 2936
17 3419
18 2300
19 2379
20 3102
21 2099
22 1744
23 2597
24 1861
25 1126
26 1979
27 1624
28 620
29 1343
30 1423
31 304
32 787
33 1288
34 224
35 394
36 1241
37 394
38 224
39 1288
40 787
41 304
42 1423
43 1343
44 620
45 1624
46 1979
47 1126
48 1861
49 2597
50 1744
51 2099
52 3102
53 2379
54 2300
55 3419
56 2936
57 2435
58 3499
59 3329
60 2482
61 3329
62 3499
63 2435
64 2936
65 3419
66 2300
67 2379
68 3102
69 2099
70 1744
71 2597
72 1861
73 1126
74 1979
75 1624
76 620
77 1343
78 1423
79 304
80 787
81 1288
82 224
83 394
84 1241
85 394
86 224
87 1288
88 787
89 304
90 1423
91 1343
92 620
93 1624
94 1979
95 1126
aFilterCoeffB
0 4612
1 -12078
2 16028
3 -12078
4 4612
aCalculatedFilteredData1
0 -180
1 -60
2 435
3 -51
4 -163
5 419
6 94
7 -232
8 349
9 235
10 -256
11 235
12 349
13 -232
14 94
15 419
16 -163
17 -51
18 435
19 -60
20 -180
21 395
22 62
23 -271
24 303
25 183
26 -312
27 175
28 286
29 -296
30 29
31 355
32 -225
33 -111
34 379
35 -111
36 -225
37 355
38 29
39 -296
40 286
41 175
42 -312
43 183
44 303
45 -271
46 62
47 395
48 -180
49 -60
50 435
51 -51
52 -163
53 419
54 94
55 -232
56 349
57 235
58 -256
59 235
60 349
61 -232
62 94
63 419
64 -163
65 -51
66 435
67 -60
68 -180
69 395
70 62
71 -271
72 303
73 183
74 -312
75 175
76 286
77 -296
78 29
79 355
80 -225
81 -111
82 379
83 -111
84 -225
85 355
86 29
87 -296
88 286
89 175
90 -312
91 183
92 303
93 -271
94 62
95 395
96 -180
97 -60
98 435
99 -51
100 -163
101 419
102 94
103 -232
104 349
105 235
106 -256
107 235
108 349
109 -232
110 94
111 419
112 -163
113 -51
114 435
115 -60
116 -180
117 395
118 62
119 -271
120 303
121 183
122 -312
123 175
124 286
125 -296
126 29
127 355
128 -225
129 -111
130 379
131 -111
132 -225
133 355
134 29
135 -296
136 286
137 175
138 -312
139 183
140 303
141 -271
142 62
143 395
144 -180
145 -60
146 435
147 -51
148 -163
149 419
150 94
151 -232
152 349
153 235
154 -256
155 235
156 349
157 -232
158 94
159 419
160 -163
161 -51
162 435
163 -60
164 -180
165 395
166 62
167 -271
168 303
169 183
170 -312
171 175
172 286
173 -296
174 29
175 355
176 -225
177 -111
178 379
179 -111
180 -225
181 355
182 29
183 -296
184 286
185 175
186 -312
187 183
188 0
189 0
190 0
191 0
192 0
193 0
194 0
195 0
196 0
197 0
198 0
199 0
200 0
201 0
202 0
203 0
204 0
205 0
206 0
207 0
208 0
209 0
210 0
211 0
212 0
213 0
214 0
215 0
216 0
217 0
218 0
219 0
220 0
221 0
222 0
223 0
224 0
225 0
226 0
227 0
228 0
229 0
230 0
231 0
232 0
233 0
234 0
235 0
236 0
237 0
238 0
239 0
240 0
241 0
242 0
243 0
244 0
245 0
246 0
247 0
248 0
249 0
250 0
251 0
252 0
253 0
254 0
255 0
256 0
257 0
258 0
aCalculatedFilteredData2
0 0
1 0
2 0
3 0
4 0
5 0
6 0
7 0
8 0
9 0
10 0
11 0
12 0
13 0
14 0
15 0
16 0
17 0
18 0
19 0
20 0
21 0
22 0
23 0
24 0
25 0
26 0
27 0
28 0
29 0
30 0
31 0
32 0
33 0
34 0
35 0
36 0
37 0
38 0
39 0
40 0
41 0
42 0
43 0
44 0
45 0
46 0
47 0
48 0
49 0
50 0
51 0
52 0
53 0
54 0
55 0
56 0
57 0
58 0
59 0
60 0
61 0
62 0
63 0
64 0
65 0
66 0
67 0
68 0
69 0
70 0
71 0
72 0
73 0
74 0
75 0
76 0
77 0
78 0
79 0
80 0
81 0
82 0
83 0
84 0
85 0
86 0
87 0
88 0
89 0
90 0
91 0
92 0
93 0
94 0
95 0
96 0
97 0
98 0
99 0
100 0
101 0
102 0
103 0
104 0
105 0
106 0
107 0
108 0
109 0
110 0
111 0
112 0
113 0
114 0
115 0
116 0
117 0
118 0
119 0
120 0
121 0
122 0
123 0
124 0
125 0
126 0
127 0
128 0
129 0
130 0
131 0
132 0
133 0
134 0
135 0
136 0
137 0
138 0
139 0
140 0
141 0
142 0
143 0
144 0
145 0
146 0
147 0
148 0
149 0
150 0
151 0
152 0
153 0
154 0
155 0
156 0
157 0
158 0
159 0
160 0
161 0
162 0
163 0
164 0
165 0
166 0
167 0
168 0
169 0
170 0
171 0
172 0
173 0
174 0
175 0
176 0
177 0
178 0
179 0
180 0
181 0
182 0
183 0
184 0
185 0
186 0
187 0
188 0
189 0
190 0
191 0
192 0
193 0
194 0
195 0
196 0
197 0
198 0
199 0
200 0
201 0
202 0
203 0
204 0
205 0
206 0
207 0
208 0
209 0
210 0
211 0
212 0
213 0
214 0
215 0
216 0
217 0
218 0
219 0
220 0
221 0
222 0
223 0
224 0
225 0
226 0
227 0
228 0
229 0
230 0
231 0
232 0
233 0
234 0
235 0
236 0
237 0
238 0
239 0
240 0
241 0
242 0
243 0
244 0
245 0
246 0
247 0
248 0
