Sine1k_15k
0 1861
1 2597
2 1744
3 2099
4 3102
5 2379
6 2300
7 3419
8 2936
9 2435
10 3499
11 3329
12 2482
13 3329
14 3499
15 2435
16 2936
17 3419
18 2300
19 2379
20 3102
21 2099
22 1744
23 2597
24 1861
25 1126
26 1979
27 1624
28 620
29 1343
30 1423
31 304
32 787
33 1288
34 224
35 394
36 1241
37 394
38 224
39 1288
40 787
41 304
42 1423
43 1343
44 620
45 1624
46 1979
47 1126
48 1861
49 2597
50 1744
51 2099
52 3102
53 2379
54 2300
55 3419
56 2936
57 2435
58 3499
59 3329
60 2482
61 3329
62 3499
63 2435
64 2936
65 3419
66 2300
67 2379
68 3102
69 2099
70 1744
71 2597
72 1861
73 1126
74 1979
75 1624
76 620
77 1343
78 1423
79 304
80 787
81 1288
82 224
83 394
84 1241
85 394
86 224
87 1288
88 787
89 304
90 1423
91 1343
92 620
93 1624
94 1979
95 1126
aFilterCoeffB
0 2212
1 8848
2 13272
3 8848
4 2212
aCalculatedFilteredData1
0 2309
1 2494
2 2738
3 2794
4 2904
5 3123
6 3161
7 3179
8 3339
9 3352
10 3275
11 3352
12 3339
13 3179
14 3161
15 3123
16 2904
17 2794
18 2738
19 2494
20 2309
21 2242
22 2010
23 1777
24 1711
25 1526
26 1281
27 1225
28 1116
29 897
30 859
31 841
32 681
33 668
34 745
35 668
36 681
37 841
38 859
39 897
40 1116
41 1225
42 1281
43 1526
44 1711
45 1777
46 2010
47 2242
48 2309
49 2494
50 2738
51 2794
52 2904
53 3123
54 3161
55 3179
56 3339
57 3352
58 3275
59 3352
60 3339
61 3179
62 3161
63 3123
64 2904
65 2794
66 2738
67 2494
68 2309
69 2242
70 2010
71 1777
72 1711
73 1526
74 1281
75 1225
76 1116
77 897
78 859
79 841
80 681
81 668
82 745
83 668
84 681
85 841
86 859
87 897
88 1116
89 1225
90 1281
91 1526
92 1711
93 1777
94 2010
95 2242
96 2309
97 2494
98 2738
99 2794
100 2904
101 3123
102 3161
103 3179
104 3339
105 3352
106 3275
107 3352
108 3339
109 3179
110 3161
111 3123
112 2904
113 2794
114 2738
115 2494
116 2309
117 2242
118 2010
119 1777
120 1711
121 1526
122 1281
123 1225
124 1116
125 897
126 859
127 841
128 681
129 668
130 745
131 668
132 681
133 841
134 859
135 897
136 1116
137 1225
138 1281
139 1526
140 1711
141 1777
142 2010
143 2242
144 2309
145 2494
146 2738
147 2794
148 2904
149 3123
150 3161
151 3179
152 3339
153 3352
154 3275
155 3352
156 3339
157 3179
158 3161
159 3123
160 2904
161 2794
162 2738
163 2494
164 2309
165 2242
166 2010
167 1777
168 1711
169 1526
170 1281
171 1225
172 1116
173 897
174 859
175 841
176 681
177 668
178 745
179 668
180 681
181 841
182 859
183 897
184 1116
185 1225
186 1281
187 1526
188 0
189 0
190 0
191 0
192 0
193 0
194 0
195 0
196 0
197 0
198 0
199 0
200 0
201 0
202 0
203 0
204 0
205 0
206 0
207 0
208 0
209 0
210 0
211 0
212 0
213 0
214 0
215 0
216 0
217 0
218 0
219 0
220 0
221 0
222 0
223 0
224 0
225 0
226 0
227 0
228 0
229 0
230 0
231 0
232 0
233 0
234 0
235 0
236 0
237 0
238 0
239 0
240 0
241 0
242 0
243 0
244 0
245 0
246 0
247 0
248 0
249 0
250 0
251 0
252 0
253 0
254 0
255 0
256 0
257 0
258 0
aCalculatedFilteredData2
0 0
1 0
2 0
3 0
4 0
5 0
6 0
7 0
8 0
9 0
10 0
11 0
12 0
13 0
14 0
15 0
16 0
17 0
18 0
19 0
20 0
21 0
22 0
23 0
24 0
25 0
26 0
27 0
28 0
29 0
30 0
31 0
32 0
33 0
34 0
35 0
36 0
37 0
38 0
39 0
40 0
41 0
42 0
43 0
44 0
45 0
46 0
47 0
48 0
49 0
50 0
51 0
52 0
53 0
54 0
55 0
56 0
57 0
58 0
59 0
60 0
61 0
62 0
63 0
64 0
65 0
66 0
67 0
68 0
69 0
70 0
71 0
72 0
73 0
74 0
75 0
76 0
77 0
78 0
79 0
80 0
81 0
82 0
83 0
84 0
85 0
86 0
87 0
88 0
89 0
90 0
91 0
92 0
93 0
94 0
95 0
96 0
97 0
98 0
99 0
100 0
101 0
102 0
103 0
104 0
105 0
106 0
107 0
108 0
109 0
110 0
111 0
112 0
113 0
114 0
115 0
116 0
117 0
118 0
119 0
120 0
121 0
122 0
123 0
124 0
125 0
126 0
127 0
128 0
129 0
130 0
131 0
132 0
133 0
134 0
135 0
136 0
137 0
138 0
139 0
140 0
141 0
142 0
143 0
144 0
145 0
146 0
147 0
148 0
149 0
150 0
151 0
152 0
153 0
154 0
155 0
156 0
157 0
158 0
159 0
160 0
161 0
162 0
163 0
164 0
165 0
166 0
167 0
168 0
169 0
170 0
171 0
172 0
173 0
174 0
175 0
176 0
177 0
178 0
179 0
180 0
181 0
182 0
183 0
184 0
185 0
186 0
187 0
188 0
189 0
190 0
191 0
192 0
193 0
194 0
195 0
196 0
197 0
198 0
199 0
200 0
201 0
202 0
203 0
204 0
205 0
206 0
207 0
208 0
209 0
210 0
211 0
212 0
213 0
214 0
215 0
216 0
217 0
218 0
219 0
220 0
221 0
222 0
223 0
224 0
225 0
226 0
227 0
228 0
229 0
230 0
231 0
232 0
233 0
234 0
235 0
236 0
237 0
238 0
239 0
240 0
241 0
242 0
243 0
244 0
245 0
246 0
247 0
248 0
